[header]
width=27
height=22
tilewidth=16
tileheight=16
orientation=orthogonal

[tilesets]
tileset=../textures/tileset.png,16,16,0,0

[layer]
type=physics
data=
1102,1102,1102,1102,1102,1102,1102,1102,1102,1102,1102,1102,1103,1103,1103,1102,1102,1102,1102,1102,1102,1102,1102,1102,1102,1102,1102,
1102,1102,1102,1102,1102,1102,1102,1102,1102,1102,1102,1102,1103,1103,1103,1102,1102,1102,1102,1102,1102,1102,1102,1102,1102,1102,1102,
1102,1103,1103,1103,1103,1103,1103,1103,1103,1102,1102,1102,1103,1103,1103,1102,1102,1102,1103,1103,1103,1103,1103,1103,1103,1103,1102,
1102,1103,1103,1103,1103,1103,1103,1103,1103,1103,1103,1102,1103,1103,1103,1102,1103,1103,1103,1103,1103,1103,1103,1103,1103,1103,1102,
1102,1103,1103,1102,1102,1102,1102,1102,1102,1102,1102,1102,1103,1103,1103,1102,1102,1102,1102,1102,1102,1102,1102,1102,1103,1103,1102,
1102,1103,1103,1102,1103,1103,1103,1103,1103,1103,1103,1103,1103,1103,1103,1103,1103,1103,1103,1103,1103,1103,1103,1102,1103,1103,1102,
1102,1103,1103,1102,1103,1103,1103,1103,1103,1103,1103,1103,1103,1103,1103,1103,1103,1103,1103,1103,1103,1103,1103,1102,1103,1103,1102,
1102,1103,1103,1102,1103,1103,1103,1103,1103,1103,1103,1103,1103,1103,1103,1103,1103,1103,1103,1103,1103,1103,1103,1102,1103,1103,1102,
1102,1103,1103,1102,1103,1103,1103,1103,1103,1103,1103,1103,1103,1103,1103,1103,1103,1103,1103,1103,1103,1103,1103,1102,1103,1103,1102,
1102,1103,1103,1102,1103,1103,1103,1103,1103,1103,1103,1103,1103,1103,1103,1103,1103,1103,1103,1103,1103,1103,1103,1102,1103,1103,1102,
1102,1103,1103,1102,1103,1103,1103,1103,1103,1103,1103,1103,1103,1103,1103,1103,1103,1103,1103,1103,1103,1103,1103,1102,1103,1103,1102,
1102,1103,1103,1102,1103,1103,1103,1103,1103,1103,1103,1103,1103,1103,1103,1103,1103,1103,1103,1103,1103,1103,1103,1102,1103,1103,1102,
1102,1103,1103,1102,1103,1103,1103,1103,1103,1103,1103,1103,1103,1103,1103,1103,1103,1103,1103,1103,1103,1103,1103,1102,1103,1103,1102,
1102,1103,1103,1102,1103,1103,1103,1103,1103,1103,1103,1103,1103,1103,1103,1103,1103,1103,1103,1103,1103,1103,1103,1102,1103,1103,1102,
1102,1103,1103,1102,1103,1103,1103,1103,1103,1103,1103,1103,1103,1103,1103,1103,1103,1103,1103,1103,1103,1103,1103,1102,1103,1103,1102,
1102,1103,1103,1102,1103,1103,1103,1103,1103,1103,1103,1103,1103,1103,1103,1103,1103,1103,1103,1103,1103,1103,1103,1102,1103,1103,1102,
1102,1103,1103,1102,1103,1103,1103,1103,1103,1103,1103,1103,1103,1103,1103,1103,1103,1103,1103,1103,1103,1103,1103,1102,1103,1103,1102,
1102,1103,1103,1102,1103,1103,1103,1103,1103,1103,1103,1103,1103,1103,1103,1103,1103,1103,1103,1103,1103,1103,1103,1102,1103,1103,1102,
1102,1103,1103,1102,1102,1102,1102,1102,1102,1102,1102,1102,1103,1103,1103,1102,1102,1102,1102,1102,1102,1102,1102,1102,1103,1103,1102,
1102,1103,1103,1103,1103,1103,1103,1103,1103,1103,1103,1102,1103,1103,1103,1102,1103,1103,1103,1103,1103,1103,1103,1103,1103,1103,1102,
1102,1103,1103,1103,1103,1103,1103,1103,1103,1103,1103,1102,1103,1103,1103,1102,1103,1103,1103,1103,1103,1103,1103,1103,1103,1103,1102,
1102,1102,1102,1102,1102,1102,1102,1102,1102,1102,1102,1102,1103,1103,1103,1102,1102,1102,1102,1102,1102,1102,1102,1102,1102,1102,1102

[layer]
type=bg1
data=
4520,4520,4520,4520,4520,4520,4520,4520,4523,4521,584,585,0,0,0,585,586,4519,4523,4520,4520,4520,4520,4520,4520,4520,4520,
4519,4520,4520,4520,4520,4520,4520,4520,4587,4585,648,617,0,0,0,617,650,4583,4587,4520,4520,4520,4520,4520,4520,4520,4521,
4551,488,489,489,489,489,489,489,489,489,490,648,0,0,0,650,488,489,489,489,489,489,489,489,489,490,4551,
4551,520,521,553,553,553,553,553,553,553,554,4129,0,0,0,4131,552,553,553,553,553,553,553,553,521,522,4551,
4551,520,522,4129,4130,4130,4130,4130,4130,4130,4130,4195,513,514,515,4193,4130,4130,4130,4130,4130,4130,4130,4131,520,522,4551,
4551,520,522,4161,481,482,482,482,482,482,482,482,514,514,514,482,482,482,482,482,482,482,483,4161,520,522,4551,
4551,520,522,4161,513,514,514,514,514,514,514,514,514,514,514,514,514,514,514,514,514,514,515,4161,520,522,4551,
4551,520,522,4161,513,514,514,514,514,514,514,514,514,514,514,514,514,514,514,514,514,514,515,4161,520,522,4551,
4551,520,522,4161,513,514,514,514,514,514,514,514,514,514,514,514,514,514,514,514,514,514,515,4161,520,522,4551,
4551,520,522,4161,513,514,514,514,514,514,514,514,514,514,514,514,514,514,514,514,514,514,515,4161,520,522,4551,
4551,520,522,4161,513,514,514,514,514,514,514,514,514,514,514,514,514,514,514,514,514,514,515,4161,520,522,4551,
4551,520,522,4161,513,514,514,514,514,514,514,514,514,514,514,514,514,514,514,514,514,514,515,4161,520,522,4551,
4551,520,522,4161,513,514,514,514,514,514,514,514,514,514,514,514,514,514,514,514,514,514,515,4161,520,522,4551,
4551,520,522,4161,513,514,514,514,514,514,514,514,514,514,514,514,514,514,514,514,514,514,515,4161,520,522,4551,
4551,520,522,4161,513,514,514,514,514,514,514,514,514,514,514,514,514,514,514,514,514,514,515,4161,520,522,4551,
4551,520,522,4161,513,514,514,514,514,514,514,514,514,514,514,514,514,514,514,514,514,514,515,4161,520,522,4551,
4551,520,522,4161,513,514,514,514,514,514,514,514,514,514,514,514,514,514,514,514,514,514,515,4161,520,522,4551,
4551,520,522,4161,545,546,546,546,546,546,546,546,514,514,514,546,546,546,546,546,546,546,547,4161,520,522,4551,
4551,520,522,4193,4130,4130,4130,4130,4130,4130,4130,4131,513,514,515,4129,4130,4130,4130,4130,4130,4130,4130,4195,520,522,4551,
4551,520,521,489,489,489,489,489,489,489,489,0,0,0,0,0,0,489,489,489,489,489,489,489,521,522,4551,
4551,552,553,553,553,553,553,553,553,553,553,0,0,0,0,0,0,553,553,553,553,553,553,553,553,554,4551,
4583,4520,4520,4520,4520,4520,4520,4520,4520,4520,4520,4520,0,0,0,4520,4520,4520,4520,4520,4520,4520,4520,4520,4520,4520,4585

[layer]
type=bg2
data=
0,0,0,0,0,0,0,0,0,0,0,0,0,0,0,0,0,0,0,0,0,0,0,0,0,0,0,
0,0,0,0,0,0,0,0,0,0,0,0,0,0,0,0,0,0,0,0,0,0,0,0,0,0,0,
0,0,0,0,0,0,0,0,0,0,0,0,0,0,0,0,0,0,0,0,0,0,0,0,0,0,0,
0,0,0,0,0,0,0,0,0,0,0,0,0,0,0,0,0,0,0,0,0,0,0,0,0,0,0,
0,0,0,0,0,0,0,0,0,0,0,0,1400,1400,1400,0,0,0,0,0,0,0,0,0,0,0,0,
0,0,0,0,0,0,0,0,0,175,176,177,0,0,0,175,176,176,177,0,0,143,144,0,0,0,0,
0,0,0,0,0,0,0,0,0,0,0,0,0,0,0,0,0,0,0,0,0,175,144,0,0,0,0,
0,0,0,0,0,0,0,116,0,0,0,0,0,0,0,0,0,0,0,116,0,0,175,0,0,0,0,
0,0,0,0,113,0,0,0,0,0,0,0,0,116,0,0,0,0,0,0,0,0,0,0,0,0,0,
0,0,0,0,145,0,0,0,0,0,0,0,0,0,0,0,0,0,0,0,0,0,0,0,0,0,0,
0,0,0,0,144,113,0,0,0,147,148,149,0,0,0,0,0,114,0,0,0,0,0,0,0,0,0,
0,0,0,0,144,145,0,0,0,0,0,0,0,0,0,0,0,178,0,0,0,0,0,0,0,0,0,
0,0,0,0,176,177,0,0,0,0,0,0,0,0,0,0,0,0,0,0,0,111,112,0,0,0,0,
0,0,0,0,0,0,0,0,0,0,0,0,116,0,0,0,0,0,0,0,0,143,144,0,0,0,0,
0,0,0,0,0,0,0,0,0,0,0,0,0,0,0,0,0,0,0,0,0,175,144,0,0,0,0,
0,0,0,0,0,0,0,116,0,0,0,0,0,0,0,0,0,0,0,116,0,0,175,0,0,0,0,
0,0,0,0,0,0,0,0,0,0,0,0,0,0,0,116,0,0,0,0,0,0,0,0,0,0,0,
0,0,0,0,0,0,0,111,112,113,0,0,0,0,0,0,0,0,0,0,0,0,0,0,0,0,0,
0,0,0,0,0,0,0,0,0,0,0,0,1399,1399,1399,0,0,0,0,0,0,0,0,0,0,0,0,
0,0,0,0,0,0,0,0,0,0,0,0,0,0,0,0,0,0,0,0,0,0,0,0,0,0,0,
0,0,0,0,0,0,0,0,0,0,0,0,0,0,0,0,0,0,0,0,0,0,0,0,0,0,0,
0,0,0,0,0,0,0,0,0,0,0,0,0,0,0,0,0,0,0,0,0,0,0,0,0,0,0

[layer]
type=fg1
data=
0,0,0,0,0,0,0,0,0,0,0,0,585,585,585,0,0,0,0,0,0,0,0,0,0,0,0,
0,0,0,0,0,0,0,0,0,0,0,0,617,617,617,0,0,0,0,0,0,0,0,0,0,0,0,
0,0,0,0,0,0,0,0,0,0,0,0,617,617,617,0,0,0,0,0,0,0,0,0,0,0,0,
0,0,0,0,0,0,0,0,0,0,0,0,648,649,650,0,0,0,0,0,0,0,0,0,0,0,0,
0,0,0,0,0,0,0,0,0,0,0,0,0,0,0,0,0,0,0,0,0,0,0,0,0,0,0,
0,0,0,0,0,0,0,0,0,0,0,0,0,0,0,0,0,0,0,0,0,0,0,0,0,0,0,
0,0,0,0,0,0,0,0,0,0,0,0,0,0,0,0,0,0,0,0,0,0,0,0,0,0,0,
0,0,0,0,0,0,0,0,0,0,0,0,0,0,0,0,0,0,0,0,0,0,0,0,0,0,0,
0,0,0,0,0,0,0,0,0,0,0,0,0,0,0,0,0,0,0,0,0,0,0,0,0,0,0,
0,0,0,0,0,0,0,0,0,0,0,0,0,0,0,0,0,0,0,0,0,0,0,0,0,0,0,
0,0,0,0,0,0,0,0,0,0,0,0,0,0,0,0,0,0,0,0,0,0,0,0,0,0,0,
0,0,0,0,0,0,0,0,0,0,0,0,0,0,0,0,0,0,0,0,0,0,0,0,0,0,0,
0,0,0,0,0,0,0,0,0,0,0,0,0,0,0,0,0,0,0,0,0,0,0,0,0,0,0,
0,0,0,0,0,0,0,0,0,0,0,0,0,0,0,0,0,0,0,0,0,0,0,0,0,0,0,
0,0,0,0,0,0,0,0,0,0,0,0,0,0,0,0,0,0,0,0,0,0,0,0,0,0,0,
0,0,0,0,0,0,0,0,0,0,0,0,0,0,0,0,0,0,0,0,0,0,0,0,0,0,0,
0,0,0,0,0,0,0,0,0,0,0,0,0,0,0,0,0,0,0,0,0,0,0,0,0,0,0,
0,0,0,0,0,0,0,0,0,0,0,0,0,0,0,0,0,0,0,0,0,0,0,0,0,0,0,
0,0,0,0,0,0,0,0,0,0,0,0,0,0,0,0,0,0,0,0,0,0,0,0,0,0,0,
0,0,0,0,0,0,0,0,0,0,0,489,489,489,489,489,489,0,0,0,0,0,0,0,0,0,0,
0,0,0,0,0,0,0,0,0,0,0,553,553,553,553,553,553,0,0,0,0,0,0,0,0,0,0,
0,0,0,0,0,0,0,0,0,0,0,0,4520,4520,4520,0,0,0,0,0,0,0,0,0,0,0,0

[layer]
type=fg2
data=
0,0,0,0,0,0,0,0,0,0,0,0,0,0,0,0,0,0,0,0,0,0,0,0,0,0,0,
0,0,0,0,0,0,0,0,0,0,0,0,0,540,0,0,0,0,0,0,0,0,0,0,0,0,0,
0,0,0,0,0,0,0,0,0,1393,1394,1395,0,0,0,1393,1394,1395,0,0,0,0,0,0,0,0,0,
0,0,0,0,0,0,0,0,0,0,0,0,1394,1394,1394,0,0,0,0,0,0,0,0,0,0,0,0,
0,0,0,0,0,0,0,0,0,0,0,0,0,0,0,0,0,0,0,0,0,0,0,0,0,0,0,
0,0,0,0,0,0,0,0,0,0,0,0,0,0,0,0,0,0,0,0,0,0,0,0,0,0,0,
0,0,0,0,0,0,0,0,0,0,0,0,0,0,0,0,0,0,0,0,0,0,0,0,0,0,0,
0,0,0,0,0,0,0,0,0,0,0,0,0,0,0,0,0,0,0,0,0,0,0,0,0,0,0,
0,0,0,0,0,0,0,0,0,0,0,0,0,0,0,0,0,0,0,0,0,0,0,0,0,0,0,
0,0,0,0,0,0,0,0,0,0,0,0,0,0,0,0,0,0,0,0,0,0,0,0,0,0,0,
0,0,0,0,0,0,0,0,0,0,0,0,0,0,0,0,0,0,0,0,0,0,0,0,0,0,0,
0,0,0,0,0,0,0,0,0,0,0,0,0,0,0,0,0,0,0,0,0,0,0,0,0,0,0,
0,0,0,0,0,0,0,0,0,0,0,0,0,0,0,0,0,0,0,0,0,0,0,0,0,0,0,
0,0,0,0,0,0,0,0,0,0,0,0,0,0,0,0,0,0,0,0,0,0,0,0,0,0,0,
0,0,0,0,0,0,0,0,0,0,0,0,0,0,0,0,0,0,0,0,0,0,0,0,0,0,0,
0,0,0,0,0,0,0,0,0,0,0,0,0,0,0,0,0,0,0,0,0,0,0,0,0,0,0,
0,0,0,0,0,0,0,0,0,0,0,0,0,0,0,0,0,0,0,0,0,0,0,0,0,0,0,
0,0,0,0,0,0,0,0,0,0,0,0,0,0,0,0,0,0,0,0,0,0,0,0,0,0,0,
0,0,0,0,0,0,0,0,0,0,0,0,0,0,0,0,0,0,0,0,0,0,0,0,0,0,0,
0,0,0,0,0,0,0,0,0,0,0,1393,1394,1394,1394,1395,0,0,0,0,0,0,0,0,0,0,0,
0,0,0,0,0,0,0,0,0,0,0,0,0,0,0,0,0,0,0,0,0,0,0,0,0,0,0,
0,0,0,0,0,0,0,0,0,0,0,0,0,0,0,0,0,0,0,0,0,0,0,0,0,0,0

