[header]
width=24
height=15
tilewidth=16
tileheight=16
orientation=orthogonal

[tilesets]
tileset=../textures/tileset.png,16,16,0,0

[layer]
type=physics
data=
1102,1103,1103,1103,1102,1102,1103,1103,1103,1103,1103,1103,1103,1103,1103,1102,1102,1103,1103,1103,1103,1103,1103,1103,
1102,1103,1103,1103,1102,1102,1103,1103,1103,1103,1103,1103,1103,1103,1103,1102,1102,1103,1103,1103,1103,1103,1103,1103,
1102,1103,1103,1103,1102,1102,1102,1102,1102,1102,1102,1103,1102,1102,1102,1102,1102,1102,1102,1102,1102,1103,1102,1102,
1102,1103,1103,1103,1102,1102,1102,1102,1102,1102,1102,1103,1102,1102,1102,1102,1102,1102,1102,1102,1102,1103,1102,1102,
1102,1103,1103,1103,1103,1103,1103,1103,1103,1103,1103,1103,1103,1103,1103,1103,1103,1103,1103,1103,1103,1103,1103,1103,
1102,1103,1103,1103,1103,1103,1103,1103,1103,1103,1103,1103,1103,1103,1103,1103,1103,1103,1103,1103,1103,1103,1103,1103,
1102,1103,1103,1103,1103,1103,1103,1103,1103,1103,1103,1103,1103,1103,1103,1103,1103,1103,1103,1103,1103,1103,1103,1103,
1102,1102,1102,1102,1102,1102,1102,1102,1102,1103,1102,1102,1102,1102,1102,1102,1102,1102,1102,1103,1102,1102,1102,1102,
1102,1102,1102,1102,1102,1102,1102,1102,1102,1103,1102,1102,1102,1102,1102,1102,1102,1102,1102,1103,1102,1102,1102,1102,
1102,1102,1102,1103,1103,1103,1103,1103,1103,1103,1103,1103,1105,1105,1102,1102,1103,1103,1103,1103,1103,1103,1103,1102,
1102,1102,1102,1103,1103,1103,1103,1103,1103,1103,1103,1103,1105,1105,1102,1102,1103,1103,1103,1103,1103,1103,1103,1102,
1102,1102,1102,1103,1103,1103,1103,1103,1103,1103,1102,1102,1102,1102,1102,1102,1103,1103,1103,1103,1103,1103,1103,1102,
1102,1102,1102,1103,1103,1103,1103,1103,1103,1103,1102,1103,1103,1103,1103,1103,1103,1103,1103,1103,1105,1105,1105,1102,
1102,1102,1102,1103,1103,1103,1103,1103,1103,1103,1102,1103,1103,1103,1103,1103,1103,1103,1103,1103,1105,1105,1105,1102,
1102,1102,1102,1102,1102,1102,1102,1102,1102,1102,1102,1102,1102,1102,1102,1102,1102,1102,1102,1102,1102,1102,1102,1102

[layer]
type=bg1
data=
3777,225,226,227,3777,3777,225,226,226,226,226,226,226,226,227,3777,3777,225,226,226,226,226,226,226,
3777,225,226,227,3777,3777,257,258,258,258,258,258,258,258,259,3777,3777,257,258,258,258,258,258,258,
3777,225,226,227,3777,3809,3746,3746,3746,3746,3747,226,3745,3746,3746,3811,3809,3746,3746,3746,3747,226,3745,3746,
3777,225,226,227,3809,3746,3746,3746,3746,3746,3811,226,3809,3746,3746,3746,3746,3746,3746,3746,3811,226,3809,3746,
3777,225,226,226,194,194,194,194,194,194,194,194,194,194,194,194,194,194,194,194,194,194,194,194,
3777,225,226,226,226,226,226,226,226,226,226,226,226,226,226,226,226,226,226,226,226,226,226,226,
3777,257,258,258,258,258,258,258,258,258,258,258,258,258,258,258,258,258,258,258,258,258,258,258,
3809,3746,3746,3746,3746,3746,3746,3746,3747,226,3745,3746,3746,3746,3746,3746,3746,3746,3747,226,3745,3746,3746,3746,
3748,3748,3745,3746,3746,3746,3746,3746,3811,226,3809,3746,3746,3746,3747,3745,3746,3746,3811,226,3809,3746,3746,3747,
3748,3748,3777,193,587,194,194,194,194,194,194,195,1537,1539,3777,3777,193,587,194,194,194,194,195,3777,
3748,3748,3777,225,619,226,226,226,226,226,258,259,1569,1571,3777,3777,225,619,226,226,226,226,227,3777,
3748,3748,3777,225,651,226,226,226,226,227,3745,3746,3746,3746,3813,3811,225,651,226,226,258,258,259,3777,
3748,3748,3777,225,226,226,226,226,226,227,3777,193,194,194,194,194,226,226,226,227,1537,1538,1539,3777,
3748,3748,3777,257,258,258,258,258,258,259,3777,257,258,258,258,258,258,258,258,259,1569,1570,1571,3777,
3748,3748,3809,3746,3746,3746,3746,3746,3746,3746,3746,3746,3746,3746,3746,3746,3746,3746,3746,3746,3746,3746,3746,3811

[layer]
type=bg2
data=
0,0,0,0,0,0,0,0,0,0,0,0,0,0,0,0,0,0,0,0,0,0,0,0,
0,0,0,0,0,0,0,0,0,0,0,0,0,0,0,0,0,0,0,0,0,0,0,0,
0,0,0,0,0,0,0,0,0,0,0,0,0,0,0,0,0,0,0,0,0,0,0,0,
0,0,0,0,0,0,567,0,0,0,0,1112,0,0,0,0,567,0,0,0,0,1112,0,0,
0,0,0,0,0,0,0,0,0,0,0,0,0,0,0,0,0,0,0,0,0,0,0,0,
0,0,0,0,0,0,0,0,0,0,0,0,0,0,0,0,0,0,0,0,0,0,0,0,
0,0,0,0,0,0,0,0,0,0,0,0,0,0,0,0,0,0,0,0,0,0,0,0,
0,0,0,0,0,0,0,0,0,1112,0,0,0,0,0,0,0,0,0,1112,0,0,0,0,
0,0,0,0,0,0,566,0,0,0,0,566,0,0,0,0,0,0,0,0,0,566,0,0,
0,0,0,0,0,0,0,0,0,0,0,0,0,0,0,0,0,0,0,0,0,0,0,0,
0,0,0,0,0,0,0,0,0,0,0,0,0,0,0,0,0,0,0,0,0,727,0,0,
0,0,0,0,0,0,0,537,0,0,0,0,0,566,0,0,0,0,0,0,694,0,0,0,
0,0,0,0,0,0,0,538,539,0,0,0,537,0,0,0,0,0,0,0,0,0,0,0,
0,0,0,0,0,0,0,0,0,0,0,0,0,538,0,0,0,0,0,0,0,0,0,0,
0,0,0,0,0,0,0,0,0,0,0,0,0,0,0,0,0,0,0,0,0,0,0,0

[layer]
type=fg1
data=
0,0,0,0,0,0,0,0,0,0,0,0,0,0,0,0,0,0,0,0,0,0,0,0,
0,0,0,0,0,0,0,0,0,0,0,0,0,0,0,0,0,0,0,0,0,0,0,0,
0,0,0,0,0,0,0,0,0,0,0,0,0,0,0,0,0,0,0,0,0,0,0,0,
0,0,0,0,0,0,0,0,0,0,0,1334,0,0,0,0,0,0,0,0,0,1334,0,0,
0,0,0,0,0,0,0,0,0,0,0,0,0,0,0,0,0,0,0,0,0,0,0,0,
0,0,0,0,0,0,0,0,0,0,0,0,0,0,0,0,0,0,0,0,0,0,0,0,
0,0,0,0,0,0,0,0,0,0,0,0,0,0,0,0,0,0,0,0,0,0,0,0,
0,0,0,0,0,0,0,0,0,1334,0,0,0,0,0,0,0,0,0,1334,0,0,0,0,
0,0,0,0,0,0,0,0,0,0,0,0,0,0,0,0,0,0,0,0,0,0,0,0,
0,0,0,0,0,0,0,0,0,0,0,0,0,0,0,0,0,0,0,0,0,0,0,0,
0,0,0,0,0,0,0,0,0,0,0,0,0,0,0,0,0,0,0,0,0,0,0,0,
0,0,0,0,0,0,0,0,0,0,0,0,0,0,0,0,0,0,0,0,0,0,0,0,
0,0,0,0,0,0,0,0,0,0,0,0,0,0,0,0,0,0,0,0,0,0,0,0,
0,0,0,0,0,0,0,0,0,0,0,0,0,0,0,0,0,0,0,0,0,0,0,0,
0,0,0,0,0,0,0,0,0,0,0,0,0,0,0,0,0,0,0,0,0,0,0,0

[layer]
type=fg2
data=
0,0,0,0,0,0,0,0,0,0,0,0,0,0,0,0,0,0,0,0,0,0,0,0,
0,0,0,0,0,0,0,0,0,0,0,0,0,0,0,0,0,0,0,0,0,0,0,0,
0,0,0,0,0,0,0,0,0,0,0,0,0,0,0,0,0,0,0,0,0,0,0,0,
0,0,0,0,0,0,0,0,0,0,0,0,0,0,0,0,0,0,0,0,0,0,0,0,
0,0,0,0,0,0,0,0,0,0,0,0,0,0,0,0,0,0,0,0,0,0,0,0,
0,0,0,0,0,0,0,0,0,0,0,0,0,0,0,0,0,0,0,0,0,0,0,0,
0,0,0,0,0,0,0,0,0,0,0,0,0,0,0,0,0,0,0,0,0,0,0,0,
0,0,0,0,0,0,0,0,0,0,0,0,0,0,0,0,0,0,0,0,0,0,0,0,
0,0,0,0,0,0,0,0,0,0,0,0,0,0,0,0,0,0,0,0,0,0,0,0,
0,0,0,0,0,0,0,0,0,0,0,0,0,0,0,0,0,0,0,0,0,0,0,0,
0,0,0,0,0,0,0,0,0,0,0,0,0,0,0,0,0,0,0,0,0,0,0,0,
0,0,0,0,0,0,0,0,0,0,0,0,0,0,0,0,0,0,0,0,0,0,0,0,
0,0,0,0,0,0,0,0,0,0,0,0,0,0,0,0,0,0,0,0,0,0,0,0,
0,0,0,0,0,0,0,0,0,0,0,0,0,0,0,0,0,0,0,0,0,0,0,0,
0,0,0,0,0,0,0,0,0,0,0,0,0,0,0,0,0,0,0,0,0,0,0,0

