[header]
width=22
height=22
tilewidth=16
tileheight=16
orientation=orthogonal

[tilesets]
tileset=Les-Chroniques-de-Norwand/android/assets/textures/tileset.png,16,16,0,0

[layer]
type=physics
data=
1102,1102,1102,1102,1102,1102,1102,1102,1102,1102,1103,1103,1102,1102,1102,1102,1102,1102,1102,1102,1102,1102,
1102,1103,1103,1103,1103,1103,1103,1103,1103,1103,1103,1103,1103,1103,1103,1103,1103,1103,1103,1103,1103,1102,
1102,1103,1103,1103,1103,1103,1103,1103,1103,1103,1103,1103,1103,1103,1103,1103,1103,1103,1103,1103,1103,1102,
1102,1103,1103,1103,1103,1103,1103,1102,1102,1103,1103,1103,1103,1102,1102,1103,1103,1103,1103,1103,1103,1102,
1102,1103,1103,1103,1103,1103,1103,1102,1102,1103,1103,1103,1103,1102,1102,1103,1103,1103,1103,1103,1103,1102,
1102,1103,1103,1103,1103,1103,1103,1103,1103,1103,1103,1103,1103,1103,1103,1103,1103,1103,1103,1103,1103,1102,
1102,1103,1103,1103,1103,1103,1103,1103,1103,1103,1103,1103,1103,1103,1103,1103,1103,1103,1103,1103,1103,1102,
1102,1103,1103,1102,1102,1103,1103,1102,1102,1103,1103,1103,1103,1102,1102,1103,1103,1102,1102,1103,1103,1102,
1102,1103,1103,1102,1102,1103,1103,1102,1102,1103,1103,1103,1103,1102,1102,1103,1103,1102,1102,1103,1103,1102,
1102,1103,1103,1103,1103,1103,1103,1103,1103,1103,1103,1103,1103,1103,1103,1103,1103,1103,1103,1103,1103,1102,
1103,1103,1103,1103,1103,1103,1103,1103,1103,1103,1103,1103,1103,1103,1103,1103,1103,1103,1103,1103,1103,1103,
1103,1103,1103,1103,1103,1103,1103,1103,1103,1103,1103,1103,1103,1103,1103,1103,1103,1103,1103,1103,1103,1103,
1102,1103,1103,1103,1103,1103,1103,1103,1103,1103,1103,1103,1103,1103,1103,1103,1103,1103,1103,1103,1103,1102,
1102,1103,1103,1102,1102,1103,1103,1102,1102,1103,1103,1103,1103,1102,1102,1103,1103,1102,1102,1103,1103,1102,
1102,1103,1103,1102,1102,1103,1103,1102,1102,1103,1103,1103,1103,1102,1102,1103,1103,1102,1102,1103,1103,1102,
1102,1103,1103,1103,1103,1103,1103,1103,1103,1103,1103,1103,1103,1103,1103,1103,1103,1103,1103,1103,1103,1102,
1102,1103,1103,1103,1103,1103,1103,1103,1103,1103,1103,1103,1103,1103,1103,1103,1103,1103,1103,1103,1103,1102,
1102,1103,1103,1103,1103,1103,1103,1102,1102,1103,1103,1103,1103,1102,1102,1103,1103,1103,1103,1103,1103,1102,
1102,1103,1103,1103,1103,1103,1103,1102,1102,1103,1103,1103,1103,1102,1102,1103,1103,1103,1103,1103,1103,1102,
1102,1103,1103,1103,1103,1103,1103,1103,1103,1103,1103,1103,1103,1103,1103,1103,1103,1103,1103,1103,1103,1102,
1102,1103,1103,1103,1103,1103,1103,1103,1103,1103,1103,1103,1103,1103,1103,1103,1103,1103,1103,1103,1103,1102,
1102,1102,1102,1102,1102,1102,1102,1102,1102,1102,1103,1103,1102,1102,1102,1102,1102,1102,1102,1102,1102,1102

[layer]
type=bg1
data=
3841,3842,3842,3842,3842,3842,3842,3842,3842,3907,322,322,3905,3842,3842,3842,3842,3842,3842,3842,3842,3843,
3873,322,322,322,322,322,322,322,322,322,322,322,322,322,322,322,322,322,322,322,322,3873,
3873,322,322,322,322,322,322,322,322,322,322,322,322,322,322,322,322,322,322,322,322,3873,
3873,322,322,322,322,322,322,3841,3843,322,322,322,322,3841,3843,322,322,322,322,322,322,3873,
3873,322,322,322,322,322,322,3905,3907,322,322,322,322,3905,3907,322,322,322,322,322,322,3873,
3873,322,322,322,322,322,322,322,322,322,322,322,322,322,322,322,322,322,322,322,322,3873,
3873,322,322,322,322,322,322,322,322,322,322,322,322,322,322,322,322,322,322,322,322,3873,
3873,322,322,3841,3843,322,322,3841,3843,322,322,322,322,3841,3843,322,322,3841,3843,322,322,3873,
3873,322,322,3905,3907,322,322,3905,3907,322,322,322,322,3905,3907,322,322,3905,3907,322,322,3873,
3907,322,322,322,322,322,322,322,322,322,322,322,322,322,322,322,322,322,322,322,322,3905,
322,322,322,322,322,322,322,322,322,322,322,322,322,322,322,322,322,322,322,322,322,322,
322,322,322,322,322,322,322,322,322,322,322,322,322,322,322,322,322,322,322,322,322,322,
3843,322,322,322,322,322,322,322,322,322,322,322,322,322,322,322,322,322,322,322,322,3841,
3873,322,322,3841,3843,322,322,3841,3843,322,322,322,322,3841,3843,322,322,3841,3843,322,322,3873,
3873,322,322,3905,3907,322,322,3905,3907,322,322,322,322,3905,3907,322,322,3905,3907,322,322,3873,
3873,322,322,322,322,322,322,322,322,322,322,322,322,322,322,322,322,322,322,322,322,3873,
3873,322,322,322,322,322,322,322,322,322,322,322,322,322,322,322,322,322,322,322,322,3873,
3873,322,322,322,322,322,322,3841,3843,322,322,322,322,3841,3843,322,322,322,322,322,322,3873,
3873,322,322,322,322,322,322,3905,3907,322,322,322,322,3905,3907,322,322,322,322,322,322,3873,
3873,322,322,322,322,322,322,322,322,322,322,322,322,322,322,322,322,322,322,322,322,3873,
3873,322,322,322,322,322,322,322,322,322,322,322,322,322,322,322,322,322,322,322,322,3873,
3905,3842,3842,3842,3842,3842,3842,3842,3842,3843,322,322,3841,3842,3842,3842,3842,3842,3842,3842,3842,3907

[layer]
type=bg2
data=
0,0,567,0,0,567,0,0,571,0,-1610611304,-1610611304,0,567,0,0,567,0,0,567,0,0,
0,0,0,0,0,0,0,0,0,0,0,0,0,0,0,0,0,0,0,0,0,0,
0,0,0,0,0,0,0,0,0,0,0,0,0,0,0,0,0,0,0,0,0,0,
0,0,0,0,0,0,0,0,0,0,0,0,0,0,0,0,0,0,0,0,0,0,
0,0,0,0,0,0,0,0,0,0,0,0,0,0,0,0,0,0,0,0,0,0,
0,0,0,0,0,0,0,0,0,0,0,0,0,0,0,0,0,0,0,0,0,0,
0,0,0,0,0,0,0,0,0,0,0,0,0,0,0,0,0,0,0,0,0,0,
0,0,0,0,0,0,0,0,0,0,0,0,0,0,0,0,0,0,0,0,0,0,
0,0,0,0,0,0,0,0,0,0,0,0,0,0,0,0,0,0,0,0,0,0,
0,0,0,0,0,0,0,0,0,0,0,0,0,0,0,0,0,0,0,0,0,0,
1432,0,0,0,0,0,0,0,0,0,0,0,0,0,0,0,0,0,0,0,0,-1073740392,
1432,0,0,0,0,0,0,0,0,0,0,0,0,0,0,0,0,0,0,0,0,-1073740392,
0,0,0,0,0,0,0,0,0,0,0,0,0,0,0,0,0,0,0,0,0,0,
0,0,0,0,0,0,0,0,0,0,0,0,0,0,0,0,0,0,0,0,0,0,
0,0,0,0,0,0,0,0,0,0,0,0,0,0,0,0,0,0,0,0,0,0,
0,0,0,0,0,0,0,0,0,0,0,0,0,0,0,0,0,0,0,0,0,0,
0,0,0,0,0,0,0,0,0,0,0,0,0,0,0,0,0,0,0,0,0,0,
0,0,0,0,0,0,0,0,0,0,0,0,0,0,0,0,0,0,0,0,0,0,
0,0,0,0,0,0,0,0,0,0,0,0,0,0,0,0,0,0,0,0,0,0,
0,0,0,0,0,0,0,0,0,0,0,0,0,0,0,0,0,0,0,0,0,0,
0,0,0,0,0,0,0,0,0,0,0,0,0,0,0,0,0,0,0,0,0,0,
0,0,0,0,0,0,0,0,0,0,1610614168,1610614168,0,0,0,0,0,0,0,0,0,0

[layer]
type=fg1
data=
0,0,0,0,0,0,0,0,0,0,0,0,0,0,0,0,0,0,0,0,0,0,
0,0,0,0,0,0,0,0,0,0,0,0,0,0,0,0,0,0,0,0,0,0,
0,0,0,0,0,0,0,0,0,0,0,0,0,0,0,0,0,0,0,0,0,0,
0,0,0,0,0,0,0,0,0,0,0,0,0,0,0,0,0,0,0,0,0,0,
0,0,0,0,0,0,0,0,0,0,0,0,0,0,0,0,0,0,0,0,0,0,
0,0,0,0,0,0,0,0,0,0,0,0,0,0,0,0,0,0,0,0,0,0,
0,0,0,0,0,0,0,0,0,0,0,0,0,0,0,0,0,0,0,0,0,0,
0,0,0,0,0,0,0,0,0,0,0,0,0,0,0,0,0,0,0,0,0,0,
0,0,0,0,0,0,0,0,0,0,0,0,0,0,0,0,0,0,0,0,0,0,
0,0,0,0,0,0,0,0,0,0,0,0,0,0,0,0,0,0,0,0,0,0,
0,0,0,0,0,0,0,0,0,0,0,0,0,0,0,0,0,0,0,0,0,0,
0,0,0,0,0,0,0,0,0,0,0,0,0,0,0,0,0,0,0,0,0,0,
0,0,0,0,0,0,0,0,0,0,0,0,0,0,0,0,0,0,0,0,0,0,
0,0,0,0,0,0,0,0,0,0,0,0,0,0,0,0,0,0,0,0,0,0,
0,0,0,0,0,0,0,0,0,0,0,0,0,0,0,0,0,0,0,0,0,0,
0,0,0,0,0,0,0,0,0,0,0,0,0,0,0,0,0,0,0,0,0,0,
0,0,0,0,0,0,0,0,0,0,0,0,0,0,0,0,0,0,0,0,0,0,
0,0,0,0,0,0,0,0,0,0,0,0,0,0,0,0,0,0,0,0,0,0,
0,0,0,0,0,0,0,0,0,0,0,0,0,0,0,0,0,0,0,0,0,0,
0,0,0,0,0,0,0,0,0,0,0,0,0,0,0,0,0,0,0,0,0,0,
0,0,0,0,0,0,0,0,0,0,0,0,0,0,0,0,0,0,0,0,0,0,
0,0,0,0,0,0,0,0,0,0,0,0,0,0,0,0,0,0,0,0,0,0

[layer]
type=fg2
data=
0,0,0,0,0,0,0,0,0,0,0,0,0,0,0,0,0,0,0,0,0,0,
0,0,0,0,0,0,0,0,0,0,0,0,0,0,0,0,0,0,0,0,0,0,
0,0,0,0,0,0,0,0,0,0,0,0,0,0,0,0,0,0,0,0,0,0,
0,0,0,0,0,0,0,0,0,0,0,0,0,0,0,0,0,0,0,0,0,0,
0,0,0,0,0,0,0,0,0,0,0,0,0,0,0,0,0,0,0,0,0,0,
0,0,0,0,0,0,0,0,0,0,0,0,0,0,0,0,0,0,0,0,0,0,
0,0,0,0,0,0,0,0,0,0,0,0,0,0,0,0,0,0,0,0,0,0,
0,0,0,0,0,0,0,0,0,0,0,0,0,0,0,0,0,0,0,0,0,0,
0,0,0,0,0,0,0,0,0,0,0,0,0,0,0,0,0,0,0,0,0,0,
0,0,0,0,0,0,0,0,0,0,0,0,0,0,0,0,0,0,0,0,0,0,
0,0,0,0,0,0,0,0,0,0,0,0,0,0,0,0,0,0,0,0,0,0,
0,0,0,0,0,0,0,0,0,0,0,0,0,0,0,0,0,0,0,0,0,0,
0,0,0,0,0,0,0,0,0,0,0,0,0,0,0,0,0,0,0,0,0,0,
0,0,0,0,0,0,0,0,0,0,0,0,0,0,0,0,0,0,0,0,0,0,
0,0,0,0,0,0,0,0,0,0,0,0,0,0,0,0,0,0,0,0,0,0,
0,0,0,0,0,0,0,0,0,0,0,0,0,0,0,0,0,0,0,0,0,0,
0,0,0,0,0,0,0,0,0,0,0,0,0,0,0,0,0,0,0,0,0,0,
0,0,0,0,0,0,0,0,0,0,0,0,0,0,0,0,0,0,0,0,0,0,
0,0,0,0,0,0,0,0,0,0,0,0,0,0,0,0,0,0,0,0,0,0,
0,0,0,0,0,0,0,0,0,0,0,0,0,0,0,0,0,0,0,0,0,0,
0,0,0,0,0,0,0,0,0,0,0,0,0,0,0,0,0,0,0,0,0,0,
0,0,0,0,0,0,0,0,0,0,0,0,0,0,0,0,0,0,0,0,0,0

