[header]
width=22
height=22
tilewidth=16
tileheight=16
orientation=orthogonal

[tilesets]
tileset=Les-Chroniques-de-Norwand/android/assets/textures/tileset.png,16,16,0,0

[layer]
type=physics
data=
1102,1102,1102,1102,1102,1102,1102,1102,1102,1102,1103,1103,1102,1102,1102,1102,1102,1102,1102,1102,1102,1102,
1102,1103,1103,1103,1103,1103,1103,1103,1103,1103,1103,1103,1103,1103,1103,1103,1103,1103,1103,1103,1103,1102,
1102,1103,1103,1103,1103,1103,1103,1103,1103,1103,1103,1103,1103,1103,1103,1103,1103,1103,1103,1103,1103,1102,
1102,1103,1103,1102,1102,1102,1102,1102,1102,1103,1103,1103,1103,1102,1102,1102,1102,1102,1102,1103,1103,1102,
1102,1103,1103,1102,1102,1102,1102,1102,1102,1103,1103,1103,1103,1102,1102,1102,1102,1102,1102,1103,1103,1102,
1102,1103,1103,1102,1102,1102,1102,1102,1102,1103,1103,1103,1103,1102,1102,1102,1102,1102,1102,1103,1103,1102,
1102,1103,1103,1102,1102,1102,1102,1102,1102,1103,1103,1103,1103,1102,1102,1102,1102,1102,1102,1103,1103,1102,
1102,1103,1103,1102,1102,1102,1102,1103,1103,1103,1103,1103,1103,1103,1103,1102,1102,1102,1102,1103,1103,1102,
1102,1103,1103,1102,1102,1102,1102,1103,1103,1103,1103,1103,1103,1103,1103,1102,1102,1102,1102,1103,1103,1102,
1102,1103,1103,1103,1103,1103,1103,1103,1103,1103,1103,1103,1103,1103,1103,1103,1103,1103,1103,1103,1103,1102,
1103,1103,1103,1103,1103,1103,1103,1103,1103,1103,1103,1103,1103,1103,1103,1103,1103,1103,1103,1103,1103,1103,
1103,1103,1103,1103,1103,1103,1103,1103,1103,1103,1103,1103,1103,1103,1103,1103,1103,1103,1103,1103,1103,1103,
1102,1103,1103,1103,1103,1103,1103,1103,1103,1103,1103,1103,1103,1103,1103,1103,1103,1103,1103,1103,1103,1102,
1102,1103,1103,1102,1102,1102,1102,1103,1103,1103,1103,1103,1103,1103,1103,1102,1102,1102,1102,1103,1103,1102,
1102,1103,1103,1102,1102,1102,1102,1103,1103,1103,1103,1103,1103,1103,1103,1102,1102,1102,1102,1103,1103,1102,
1102,1103,1103,1102,1102,1102,1102,1102,1102,1103,1103,1103,1103,1102,1102,1102,1102,1102,1102,1103,1103,1102,
1102,1103,1103,1102,1102,1102,1102,1102,1102,1103,1103,1103,1103,1102,1102,1102,1102,1102,1102,1103,1103,1102,
1102,1103,1103,1102,1102,1102,1102,1102,1102,1103,1103,1103,1103,1102,1102,1102,1102,1102,1102,1103,1103,1102,
1102,1103,1103,1102,1102,1102,1102,1102,1102,1103,1103,1103,1103,1102,1102,1102,1102,1102,1102,1103,1103,1102,
1102,1103,1103,1103,1103,1103,1103,1103,1103,1103,1103,1103,1103,1103,1103,1103,1103,1103,1103,1103,1103,1102,
1102,1103,1103,1103,1103,1103,1103,1103,1103,1103,1103,1103,1103,1103,1103,1103,1103,1103,1103,1103,1103,1102,
1102,1102,1102,1102,1102,1102,1102,1102,1102,1102,1103,1103,1102,1102,1102,1102,1102,1102,1102,1102,1102,1102

[layer]
type=bg1
data=
3841,3842,3842,3842,3842,3842,3842,3842,3842,3907,322,322,3905,3842,3842,3842,3842,3842,3842,3842,3842,3843,
3873,322,322,322,322,322,322,322,322,322,322,322,322,322,322,322,322,322,322,322,322,3873,
3873,322,322,322,322,322,322,322,322,322,322,322,322,322,322,322,322,322,322,322,322,3873,
3873,322,322,1153,1154,1154,1154,1154,1155,322,322,322,322,1153,1154,1154,1154,1154,1155,322,322,3873,
3873,322,322,1185,1186,1186,1186,1186,1187,322,322,322,322,1185,1186,1186,1186,1186,1187,322,322,3873,
3873,322,322,1185,1186,1186,1186,1186,1187,322,322,322,322,1185,1186,1186,1186,1186,1187,322,322,3873,
3873,322,322,1185,1186,1186,1073742984,-1073740670,1073742979,322,322,322,322,1073742977,-1073740670,1073742982,1186,1186,1187,322,322,3873,
3873,322,322,1185,1186,1186,1187,322,322,322,322,322,322,322,322,1185,1186,1186,1187,322,322,3873,
3873,322,322,1073742977,-1073740670,-1073740670,1073742979,322,322,322,322,322,322,322,322,1073742977,-1073740670,-1073740670,1073742979,322,322,3873,
3907,322,322,322,322,322,322,322,322,322,322,322,322,322,322,322,322,322,322,322,322,3905,
322,322,322,322,322,322,322,322,322,322,322,322,322,322,322,322,322,322,322,322,322,322,
322,322,322,322,322,322,322,322,322,322,322,322,322,322,322,322,322,322,322,322,322,322,
3843,322,322,322,322,322,322,322,322,322,322,322,322,322,322,322,322,322,322,322,322,3841,
3873,322,322,1153,1154,1154,1155,322,322,322,322,322,322,322,322,1153,1154,1154,1155,322,322,3873,
3873,322,322,1185,1186,1186,1187,322,322,322,322,322,322,322,322,1185,1186,1186,1187,322,322,3873,
3873,322,322,1185,1186,1186,1160,1154,1155,322,322,322,322,1153,1154,1158,1186,1186,1187,322,322,3873,
3873,322,322,1185,1186,1186,1186,1186,1187,322,322,322,322,1185,1186,1186,1186,1186,1187,322,322,3873,
3873,322,322,1185,1186,1186,1186,1186,1187,322,322,322,322,1185,1186,1186,1186,1186,1187,322,322,3873,
3873,322,322,1073742977,-1073740670,1073742978,-1073740670,-1073740670,1073742979,322,322,322,322,1073742977,-1073740670,-1073740670,-1073740670,-1073740670,1073742979,322,322,3873,
3873,322,322,322,322,322,322,322,322,322,322,322,322,322,322,322,322,322,322,322,322,3873,
3873,322,322,322,322,322,322,322,322,322,322,322,322,322,322,322,322,322,322,322,322,3873,
3905,3842,3842,3842,3842,3842,3842,3842,3842,3843,322,322,3841,3842,3842,3842,3842,3842,3842,3842,3842,3907

[layer]
type=bg2
data=
0,0,0,0,567,0,0,567,0,0,1400,1400,0,0,571,0,0,571,0,0,0,0,
0,0,0,0,0,0,0,0,0,0,0,0,0,0,0,0,0,0,0,0,0,0,
0,0,0,0,0,0,0,0,0,0,0,0,0,0,0,0,0,0,0,0,0,0,
0,0,0,0,0,0,0,0,0,0,0,0,0,0,0,0,0,0,0,0,0,0,
0,0,0,0,0,0,0,0,0,0,0,0,0,0,0,0,0,0,0,0,0,0,
0,0,0,0,0,0,0,0,0,0,0,0,0,0,0,0,0,0,0,0,0,0,
0,0,0,0,0,0,0,566,0,0,0,0,0,0,570,0,0,0,0,0,0,0,
0,0,0,0,0,0,0,0,0,0,0,0,0,0,0,0,0,0,0,0,0,0,
0,0,0,0,566,0,0,0,0,0,0,0,0,0,0,0,0,570,0,0,0,0,
0,0,0,0,0,0,0,0,0,761,762,762,763,0,0,0,0,0,0,0,0,0,
1610613846,0,0,0,0,0,0,0,0,793,794,794,795,0,0,0,0,0,0,0,0,-1610611626,
1610613846,0,0,0,0,0,0,0,0,793,794,794,795,0,0,0,0,0,0,0,0,-1610611626,
0,0,0,0,0,0,0,0,0,825,826,826,827,0,0,0,0,0,0,0,0,0,
0,0,0,0,0,0,0,0,0,0,0,0,0,0,0,0,0,0,0,0,0,0,
0,0,0,0,0,0,0,0,0,0,0,0,0,0,0,0,0,0,0,0,0,0,
0,0,0,0,0,0,0,0,0,0,0,0,0,0,0,0,0,0,0,0,0,0,
0,0,0,0,0,0,0,0,0,0,0,0,0,0,0,0,0,0,0,0,0,0,
0,0,0,0,0,0,0,0,0,0,0,0,0,0,0,0,0,0,0,0,0,0,
0,0,0,0,566,0,0,566,0,0,0,0,0,0,570,0,0,570,0,0,0,0,
0,0,0,0,0,0,0,0,0,0,0,0,0,0,0,0,0,0,0,0,0,0,
0,0,0,0,0,0,0,0,0,0,0,0,0,0,0,0,0,0,0,0,0,0,
0,0,0,0,0,0,0,0,0,0,1623,1623,0,0,0,0,0,0,0,0,0,0

[layer]
type=fg1
data=
0,0,0,0,0,0,0,0,0,0,1048,-2147482600,0,0,0,0,0,0,0,0,0,0,
0,0,0,0,0,0,0,0,0,0,0,0,0,0,0,0,0,0,0,0,0,0,
0,0,0,0,0,0,0,0,0,0,0,0,0,0,0,0,0,0,0,0,0,0,
0,0,0,0,0,0,0,0,0,0,0,0,0,0,0,0,0,0,0,0,0,0,
0,0,0,0,0,0,0,0,0,0,0,0,0,0,0,0,0,0,0,0,0,0,
0,0,0,0,0,0,0,0,0,0,0,0,0,0,0,0,0,0,0,0,0,0,
0,0,0,0,0,0,0,0,0,0,0,0,0,0,0,0,0,0,0,0,0,0,
0,0,0,0,0,0,0,0,0,0,0,0,0,0,0,0,0,0,0,0,0,0,
0,0,0,0,0,0,0,0,0,0,0,0,0,0,0,0,0,0,0,0,0,0,
0,0,0,0,0,0,0,0,0,0,0,0,0,0,0,0,0,0,0,0,0,0,
0,0,0,0,0,0,0,0,0,0,0,0,0,0,0,0,0,0,0,0,0,0,
0,0,0,0,0,0,0,0,0,0,0,0,0,0,0,0,0,0,0,0,0,0,
0,0,0,0,0,0,0,0,0,0,0,0,0,0,0,0,0,0,0,0,0,0,
0,0,0,0,0,0,0,0,0,0,0,0,0,0,0,0,0,0,0,0,0,0,
0,0,0,0,0,0,0,0,0,0,0,0,0,0,0,0,0,0,0,0,0,0,
0,0,0,0,0,0,0,0,0,0,0,0,0,0,0,0,0,0,0,0,0,0,
0,0,0,0,0,0,0,0,0,0,0,0,0,0,0,0,0,0,0,0,0,0,
0,0,0,0,0,0,0,0,0,0,0,0,0,0,0,0,0,0,0,0,0,0,
0,0,0,0,0,0,0,0,0,0,0,0,0,0,0,0,0,0,0,0,0,0,
0,0,0,0,0,0,0,0,0,0,0,0,0,0,0,0,0,0,0,0,0,0,
0,0,0,0,0,0,0,0,0,0,0,0,0,0,0,0,0,0,0,0,0,0,
0,0,0,0,0,0,0,0,0,0,-1073740490,-1073740490,0,0,0,0,0,0,0,0,0,0

[layer]
type=fg2
data=
0,0,0,0,0,0,0,0,0,0,0,0,0,0,0,0,0,0,0,0,0,0,
0,0,0,0,0,0,0,0,0,0,0,0,0,0,0,0,0,0,0,0,0,0,
0,0,0,0,0,0,0,0,0,0,0,0,0,0,0,0,0,0,0,0,0,0,
0,0,0,0,0,0,0,0,0,0,0,0,0,0,0,0,0,0,0,0,0,0,
0,0,0,0,0,0,0,0,0,0,0,0,0,0,0,0,0,0,0,0,0,0,
0,0,0,0,0,0,0,0,0,0,0,0,0,0,0,0,0,0,0,0,0,0,
0,0,0,0,0,0,0,0,0,0,0,0,0,0,0,0,0,0,0,0,0,0,
0,0,0,0,0,0,0,0,0,0,0,0,0,0,0,0,0,0,0,0,0,0,
0,0,0,0,0,0,0,0,0,0,0,0,0,0,0,0,0,0,0,0,0,0,
0,0,0,0,0,0,0,0,0,0,0,0,0,0,0,0,0,0,0,0,0,0,
0,0,0,0,0,0,0,0,0,0,0,0,0,0,0,0,0,0,0,0,0,0,
0,0,0,0,0,0,0,0,0,0,0,0,0,0,0,0,0,0,0,0,0,0,
0,0,0,0,0,0,0,0,0,0,0,0,0,0,0,0,0,0,0,0,0,0,
0,0,0,0,0,0,0,0,0,0,0,0,0,0,0,0,0,0,0,0,0,0,
0,0,0,0,0,0,0,0,0,0,0,0,0,0,0,0,0,0,0,0,0,0,
0,0,0,0,0,0,0,0,0,0,0,0,0,0,0,0,0,0,0,0,0,0,
0,0,0,0,0,0,0,0,0,0,0,0,0,0,0,0,0,0,0,0,0,0,
0,0,0,0,0,0,0,0,0,0,0,0,0,0,0,0,0,0,0,0,0,0,
0,0,0,0,0,0,0,0,0,0,0,0,0,0,0,0,0,0,0,0,0,0,
0,0,0,0,0,0,0,0,0,0,0,0,0,0,0,0,0,0,0,0,0,0,
0,0,0,0,0,0,0,0,0,0,0,0,0,0,0,0,0,0,0,0,0,0,
0,0,0,0,0,0,0,0,0,0,0,0,0,0,0,0,0,0,0,0,0,0

