[header]
width=22
height=22
tilewidth=16
tileheight=16
orientation=orthogonal

[tilesets]
tileset=../textures/tileset.png,16,16,0,0

[layer]
type=physics
data=
1102,1102,1102,1102,1102,1102,1102,1102,1102,1102,1102,1102,1102,1102,1102,1102,1102,1102,1102,1102,1102,1102,
1102,1103,1103,1103,1103,1103,1103,1103,1103,1103,1103,1103,1103,1103,1103,1103,1103,1103,1103,1103,1103,1102,
1102,1103,1102,1102,1102,1103,1102,1102,1103,1102,1103,1103,1102,1103,1102,1102,1103,1102,1102,1102,1103,1102,
1102,1103,1102,1102,1102,1103,1102,1102,1103,1103,1103,1103,1103,1103,1102,1102,1103,1102,1102,1102,1103,1102,
1102,1103,1102,1102,1102,1103,1103,1103,1103,1103,1103,1103,1103,1103,1103,1103,1103,1102,1102,1102,1103,1102,
1102,1103,1102,1102,1102,1103,1103,1103,1103,1102,1103,1103,1102,1103,1103,1103,1103,1102,1102,1102,1103,1102,
1102,1103,1102,1102,1102,1103,1102,1103,1103,1103,1103,1103,1103,1103,1102,1102,1103,1102,1102,1102,1103,1102,
1102,1103,1102,1102,1102,1103,1102,1102,1103,1103,1103,1103,1103,1103,1102,1102,1103,1102,1102,1102,1103,1102,
1102,1103,1102,1102,1102,1103,1103,1103,1103,1103,1103,1103,1103,1103,1103,1103,1103,1102,1102,1102,1103,1102,
1102,1103,1102,1102,1102,1103,1103,1103,1103,1103,1103,1103,1103,1103,1103,1103,1103,1102,1102,1102,1103,1102,
1102,1103,1102,1102,1102,1103,1102,1102,1103,1103,1103,1103,1103,1103,1102,1102,1103,1102,1102,1102,1103,1102,
1102,1103,1102,1102,1102,1103,1102,1102,1103,1103,1103,1103,1103,1103,1102,1102,1103,1102,1102,1102,1103,1102,
1102,1103,1102,1102,1102,1103,1103,1103,1103,1103,1103,1103,1103,1103,1103,1103,1103,1102,1102,1102,1103,1102,
1102,1103,1102,1102,1102,1103,1103,1103,1103,1103,1103,1103,1103,1103,1103,1103,1103,1102,1102,1102,1103,1102,
1102,1103,1102,1102,1102,1103,1102,1102,1103,1103,1103,1103,1103,1103,1102,1102,1103,1102,1102,1102,1103,1102,
1102,1103,1102,1102,1102,1103,1102,1102,1103,1103,1103,1103,1103,1103,1102,1102,1103,1102,1102,1102,1103,1102,
1102,1103,1102,1102,1102,1103,1103,1103,1103,1103,1103,1103,1103,1103,1103,1103,1103,1102,1102,1102,1103,1102,
1102,1103,1102,1102,1102,1103,1103,1103,1103,1103,1103,1103,1103,1103,1103,1103,1103,1102,1102,1102,1103,1102,
1102,1103,1102,1102,1102,1103,1102,1102,1103,1103,1103,1103,1103,1103,1102,1102,1103,1102,1102,1102,1103,1102,
1102,1103,1102,1102,1102,1103,1102,1102,1103,1103,1103,1103,1103,1103,1102,1102,1103,1102,1102,1102,1103,1102,
1102,1103,1103,1103,1103,1103,1103,1103,1103,1103,1103,1103,1103,1103,1103,1103,1103,1103,1103,1103,1103,1102,
1102,1102,1102,1102,1102,1102,1102,1102,1102,1102,1103,1103,1102,1102,1102,1102,1102,1102,1102,1102,1102,1102

[layer]
type=bg1
data=
3841,3842,3842,3842,3842,3842,3842,3842,3842,3842,3842,3842,3842,3842,3842,3842,3842,3842,3842,3842,3842,3843,
3873,322,322,322,322,322,322,322,322,322,322,322,322,322,322,322,322,322,322,322,322,3873,
3873,322,1153,1154,1155,322,3841,3843,322,193,194,194,195,322,3841,3843,322,1153,1154,1155,322,3873,
3873,322,1185,1186,1187,322,3905,3907,322,225,226,226,227,322,3905,3907,322,1185,1186,1187,322,3873,
3873,322,1185,1186,1187,322,322,322,322,225,226,226,227,322,322,322,322,1185,1186,1187,322,3873,
3873,322,1185,1186,1187,322,322,322,322,257,258,258,259,322,322,322,322,1185,1186,1187,322,3873,
3873,322,1185,1186,1187,322,3841,3843,322,322,322,322,322,322,3841,3843,322,1185,1186,1187,322,3873,
3873,322,1185,1186,1187,322,3905,3907,322,322,322,322,322,322,3905,3907,322,1185,1186,1187,322,3873,
3873,322,1185,1186,1187,322,322,322,322,322,322,322,322,322,322,322,322,1185,1186,1187,322,3873,
3873,322,1185,1186,1187,322,322,322,322,322,322,322,322,322,322,322,322,1185,1186,1187,322,3873,
3873,322,1185,1186,1187,322,3841,3843,322,322,322,322,322,322,3841,3843,322,1185,1186,1187,322,3873,
3873,322,1185,1186,1187,322,3905,3907,322,322,322,322,322,322,3905,3907,322,1185,1186,1187,322,3873,
3873,322,1185,1186,1187,322,322,322,322,322,322,322,322,322,322,322,322,1185,1186,1187,322,3873,
3873,322,1185,1186,1187,322,322,322,322,322,322,322,322,322,322,322,322,1185,1186,1187,322,3873,
3873,322,1185,1186,1187,322,3841,3843,322,322,322,322,322,322,3841,3843,322,1185,1186,1187,322,3873,
3873,322,1185,1186,1187,322,3905,3907,322,322,322,322,322,322,3905,3907,322,1185,1186,1187,322,3873,
3873,322,1185,1186,1187,322,322,322,322,322,322,322,322,322,322,322,322,1185,1186,1187,322,3873,
3873,322,1185,1186,1187,322,322,322,322,322,322,322,322,322,322,322,322,1185,1186,1187,322,3873,
3873,322,1185,1186,1187,322,3841,3843,322,322,322,322,322,322,3841,3843,322,1185,1186,1187,322,3873,
3873,322,1073742977,-1073740670,1073742979,322,3905,3907,322,322,322,322,322,322,3905,3907,322,1073742977,-1073740670,1073742979,322,3873,
3873,322,322,322,322,322,322,322,322,322,322,322,322,322,322,322,322,322,322,322,322,3873,
3905,3842,3842,3842,3842,3842,3842,3842,3842,3843,322,322,3841,3842,3842,3842,3842,3842,3842,3842,3842,3907

[layer]
type=bg2
data=
0,0,567,0,0,567,0,0,567,0,0,0,0,571,0,0,571,0,0,571,0,0,
0,0,0,0,0,0,0,0,0,0,0,0,0,0,0,0,0,0,0,0,0,0,
0,0,0,0,0,0,0,0,0,569,0,0,573,0,0,0,0,0,0,0,0,0,
0,0,0,0,0,0,0,0,0,0,0,0,0,0,0,0,0,0,0,0,0,0,
0,0,0,0,0,0,0,0,0,0,0,0,0,0,0,0,0,0,0,0,0,0,
0,0,0,0,0,0,0,0,0,569,0,0,573,0,0,0,0,0,0,0,0,0,
0,0,0,0,0,0,0,0,0,761,762,762,763,0,0,0,0,0,0,0,0,0,
0,0,0,0,0,0,0,0,0,793,794,794,795,0,0,0,0,0,0,0,0,0,
0,0,0,0,0,0,0,0,0,793,794,794,795,0,0,0,0,0,0,0,0,0,
0,0,0,0,0,0,0,0,0,793,794,794,795,0,0,0,0,0,0,0,0,0,
0,0,0,0,0,0,0,0,0,793,794,794,795,0,0,0,0,0,0,0,0,0,
0,0,0,0,0,0,0,0,0,793,794,794,795,0,0,0,0,0,0,0,0,0,
0,0,0,0,0,0,0,0,0,793,794,794,795,0,0,0,0,0,0,0,0,0,
0,0,0,0,0,0,0,0,0,793,794,794,795,0,0,0,0,0,0,0,0,0,
0,0,0,0,0,0,0,0,0,793,794,794,795,0,0,0,0,0,0,0,0,0,
0,0,0,0,0,0,0,0,0,793,794,794,795,0,0,0,0,0,0,0,0,0,
0,0,0,0,0,0,0,0,0,793,794,794,795,0,0,0,0,0,0,0,0,0,
0,0,0,0,0,0,0,0,0,793,794,794,795,0,0,0,0,0,0,0,0,0,
0,0,0,0,0,0,0,0,0,793,794,794,795,0,0,0,0,0,0,0,0,0,
0,0,0,0,0,0,0,0,0,825,826,826,827,0,0,0,0,0,0,0,0,0,
0,0,0,0,0,0,0,0,0,0,0,0,0,0,0,0,0,0,0,0,0,0,
0,0,0,0,0,0,0,0,0,0,1399,1399,0,0,0,0,0,0,0,0,0,0

[layer]
type=fg1
data=
0,0,0,0,0,0,0,0,0,0,0,0,0,0,0,0,0,0,0,0,0,0,
0,0,0,0,0,0,0,0,0,0,0,0,0,0,0,0,0,0,0,0,0,0,
0,0,0,0,0,0,0,0,0,0,0,0,0,0,0,0,0,0,0,0,0,0,
0,0,0,0,0,0,0,0,0,0,0,0,0,0,0,0,0,0,0,0,0,0,
0,0,0,0,0,0,0,0,0,0,0,0,0,0,0,0,0,0,0,0,0,0,
0,0,0,0,0,0,0,0,0,0,0,0,0,0,0,0,0,0,0,0,0,0,
0,0,0,0,0,0,0,0,0,0,0,0,0,0,0,0,0,0,0,0,0,0,
0,0,0,0,0,0,0,0,0,0,0,0,0,0,0,0,0,0,0,0,0,0,
0,0,0,0,0,0,0,0,0,0,0,0,0,0,0,0,0,0,0,0,0,0,
0,0,0,0,0,0,0,0,0,0,0,0,0,0,0,0,0,0,0,0,0,0,
0,0,0,0,0,0,0,0,0,0,0,0,0,0,0,0,0,0,0,0,0,0,
0,0,0,0,0,0,0,0,0,0,0,0,0,0,0,0,0,0,0,0,0,0,
0,0,0,0,0,0,0,0,0,0,0,0,0,0,0,0,0,0,0,0,0,0,
0,0,0,0,0,0,0,0,0,0,0,0,0,0,0,0,0,0,0,0,0,0,
0,0,0,0,0,0,0,0,0,0,0,0,0,0,0,0,0,0,0,0,0,0,
0,0,0,0,0,0,0,0,0,0,0,0,0,0,0,0,0,0,0,0,0,0,
0,0,0,0,0,0,0,0,0,0,0,0,0,0,0,0,0,0,0,0,0,0,
0,0,0,0,0,0,0,0,0,0,0,0,0,0,0,0,0,0,0,0,0,0,
0,0,0,0,0,0,0,0,0,0,0,0,0,0,0,0,0,0,0,0,0,0,
0,0,0,0,0,0,0,0,0,0,0,0,0,0,0,0,0,0,0,0,0,0,
0,0,0,0,0,0,0,0,0,0,0,0,0,0,0,0,0,0,0,0,0,0,
0,0,0,0,0,0,0,0,0,0,1270,-2147482378,0,0,0,0,0,0,0,0,0,0

[layer]
type=fg2
data=
0,0,0,0,0,0,0,0,0,0,0,0,0,0,0,0,0,0,0,0,0,0,
0,0,0,0,0,0,0,0,0,0,0,0,0,0,0,0,0,0,0,0,0,0,
0,0,0,0,0,0,0,0,0,0,0,0,0,0,0,0,0,0,0,0,0,0,
0,0,0,0,0,0,0,0,0,0,0,0,0,0,0,0,0,0,0,0,0,0,
0,0,0,0,0,0,0,0,0,0,0,0,0,0,0,0,0,0,0,0,0,0,
0,0,0,0,0,0,0,0,0,0,0,0,0,0,0,0,0,0,0,0,0,0,
0,0,0,0,0,0,0,0,0,0,0,0,0,0,0,0,0,0,0,0,0,0,
0,0,0,0,0,0,0,0,0,0,0,0,0,0,0,0,0,0,0,0,0,0,
0,0,0,0,0,0,0,0,0,0,0,0,0,0,0,0,0,0,0,0,0,0,
0,0,0,0,0,0,0,0,0,0,0,0,0,0,0,0,0,0,0,0,0,0,
0,0,0,0,0,0,0,0,0,0,0,0,0,0,0,0,0,0,0,0,0,0,
0,0,0,0,0,0,0,0,0,0,0,0,0,0,0,0,0,0,0,0,0,0,
0,0,0,0,0,0,0,0,0,0,0,0,0,0,0,0,0,0,0,0,0,0,
0,0,0,0,0,0,0,0,0,0,0,0,0,0,0,0,0,0,0,0,0,0,
0,0,0,0,0,0,0,0,0,0,0,0,0,0,0,0,0,0,0,0,0,0,
0,0,0,0,0,0,0,0,0,0,0,0,0,0,0,0,0,0,0,0,0,0,
0,0,0,0,0,0,0,0,0,0,0,0,0,0,0,0,0,0,0,0,0,0,
0,0,0,0,0,0,0,0,0,0,0,0,0,0,0,0,0,0,0,0,0,0,
0,0,0,0,0,0,0,0,0,0,0,0,0,0,0,0,0,0,0,0,0,0,
0,0,0,0,0,0,0,0,0,0,0,0,0,0,0,0,0,0,0,0,0,0,
0,0,0,0,0,0,0,0,0,0,0,0,0,0,0,0,0,0,0,0,0,0,
0,0,0,0,0,0,0,0,0,0,0,0,0,0,0,0,0,0,0,0,0,0

