[header]
width=15
height=25
tilewidth=16
tileheight=16
orientation=orthogonal

[tilesets]
tileset=../textures/tileset.png,16,16,0,0

[layer]
type=physics
data=
1102,1102,1103,1103,1102,1102,1102,1102,1102,1102,1103,1103,1102,1102,1102,
1102,1103,1103,1103,1103,1103,1103,1103,1103,1103,1103,1103,1103,1102,1102,
1103,1103,1103,1103,1103,1103,1103,1103,1103,1103,1103,1103,1103,1103,1102,
1103,1103,1102,1102,1102,1103,1103,1103,1103,1103,1102,1102,1102,1103,1103,
1103,1103,1103,1103,1103,1103,1103,1103,1103,1103,1103,1103,1103,1103,1103,
1102,1102,1102,1102,1102,1102,1102,1103,1102,1102,1102,1102,1102,1102,1102,
1103,1103,1103,1103,1103,1103,1103,1103,1103,1103,1103,1103,1103,1103,1103,
1103,1103,1103,1103,1103,1103,1103,1103,1103,1103,1103,1103,1103,1103,1103,
1103,1103,1103,1103,1103,1103,1103,1103,1103,1103,1103,1103,1103,1103,1103,
1103,1103,1103,1103,1103,1103,1103,1103,1103,1103,1103,1103,1103,1103,1103,
1103,1103,1103,1103,1103,1103,1103,1102,1103,1103,1103,1103,1103,1103,1103,
1103,1103,1103,1103,1103,1103,1103,1103,1103,1103,1103,1103,1103,1103,1103,
1103,1103,1103,1103,1103,1103,1103,1103,1103,1103,1103,1103,1103,1103,1103,
1103,1103,1103,1103,1103,1103,1103,1103,1103,1103,1103,1103,1103,1103,1103,
1103,1103,1103,1103,1103,1103,1103,1103,1103,1103,1103,1103,1103,1103,1103,
1103,1103,1103,1103,1103,1103,1103,1103,1103,1103,1103,1103,1103,1103,1103,
1103,1103,1103,1103,1103,1103,1103,1103,1103,1103,1103,1103,1103,1103,1103,
1103,1103,1103,1103,1103,1103,1103,1103,1103,1103,1103,1103,1103,1103,1103,
1102,1102,1102,1102,1102,1102,1102,1103,1103,1103,1103,1103,1103,1103,1103,
1103,1102,1102,1102,1102,1103,1102,1103,1103,1103,1103,1103,1103,1103,1103,
1103,1103,1103,1103,1103,1103,1102,1103,1103,1103,1103,1103,1103,1103,1103,
1103,1103,1103,1103,1103,1103,1103,1103,1103,1103,1102,1102,1103,1102,1102,
1103,1103,1103,1103,1103,1103,1102,1103,1103,1103,1102,1103,1103,1103,1102,
1102,1103,1103,1103,1103,1103,1102,1103,1103,1103,1102,1103,1103,1103,1102,
1102,1102,1102,1102,1102,1102,1102,1103,1103,1103,1102,1103,1103,1103,1102

[layer]
type=bg1
data=
392,393,393,393,393,393,393,393,393,393,393,393,393,393,394,
424,425,425,425,425,425,425,425,425,425,425,425,425,425,426,
424,425,425,425,425,425,425,425,425,425,425,425,425,425,426,
424,425,425,425,425,425,425,425,425,425,425,425,425,425,426,
424,425,425,425,425,425,425,425,425,425,425,425,425,425,426,
424,425,425,425,425,425,425,425,425,425,425,425,425,425,426,
424,425,425,425,425,425,425,425,425,425,425,425,425,425,426,
424,425,425,425,425,425,425,425,425,425,425,425,425,425,426,
424,425,425,425,425,425,425,425,425,425,425,425,425,425,426,
424,425,425,425,425,425,425,425,425,425,425,425,425,425,426,
424,425,425,425,425,425,425,425,425,425,425,425,425,425,426,
424,425,425,425,425,425,425,425,425,425,425,425,425,425,426,
424,425,425,425,425,425,425,425,425,425,425,425,425,425,426,
424,425,425,425,425,425,425,425,425,425,425,425,425,425,426,
424,425,425,425,425,425,425,425,425,425,425,425,425,425,426,
424,425,425,425,425,425,425,425,425,425,425,425,425,425,426,
424,425,425,425,425,425,425,425,425,425,425,425,425,425,426,
424,425,425,425,425,425,425,425,425,425,425,425,425,425,426,
424,425,425,425,425,425,425,425,425,425,425,425,425,425,426,
424,425,425,425,425,425,425,425,425,425,425,425,425,425,426,
424,425,425,425,425,425,425,425,425,425,425,425,425,425,426,
424,425,425,425,425,425,425,425,425,425,425,425,425,425,426,
424,425,425,425,425,425,425,425,425,425,425,425,425,425,426,
424,425,425,425,425,425,425,425,425,425,425,425,425,425,426,
456,457,457,457,457,457,457,457,457,457,457,457,457,457,458

[layer]
type=bg2
data=
410,410,0,0,442,442,445,445,441,441,0,0,411,411,411,
410,0,0,0,0,0,0,0,0,0,0,0,0,411,411,
0,0,0,0,0,0,0,0,0,0,0,0,0,0,411,
0,0,537,538,539,0,0,0,0,0,537,538,539,0,0,
0,0,0,0,0,0,0,0,0,0,0,0,0,0,0,
716,717,717,717,717,717,717,280,717,717,717,717,717,717,718,
284,0,0,0,0,0,0,0,0,0,0,0,0,0,0,
247,0,0,0,0,0,0,0,0,0,0,0,0,0,0,
0,0,0,0,0,0,0,0,0,0,0,0,0,0,0,
0,0,0,0,0,0,0,0,0,0,0,0,0,0,0,
0,0,0,0,0,0,0,540,0,0,0,0,0,0,0,
0,0,0,0,0,0,761,762,763,0,0,0,0,0,0,
0,0,0,0,0,0,793,794,795,0,0,0,0,0,0,
0,0,0,0,0,0,825,826,827,0,0,0,0,0,0,
0,0,0,0,0,0,0,0,0,0,0,0,0,0,0,
0,0,0,0,0,0,0,0,0,0,0,0,0,0,0,
0,0,0,0,0,0,0,0,0,0,0,0,0,0,0,
0,0,0,0,0,0,0,0,0,0,0,0,0,0,0,
716,717,717,717,717,717,682,0,0,0,0,0,0,0,0,
0,568,598,598,568,0,715,0,0,0,0,0,0,0,0,
0,758,759,759,760,0,715,0,0,0,0,0,0,0,0,
0,790,791,791,792,0,281,0,0,0,680,717,280,717,718,
0,790,791,791,792,0,715,0,0,0,715,411,0,0,662,
406,822,823,823,824,0,715,0,0,0,715,0,0,0,664,
406,406,663,665,667,535,747,0,0,0,747,0,0,0,0

[layer]
type=fg1
data=
0,0,0,0,0,0,0,0,0,0,0,0,0,0,0,
0,0,0,0,0,0,0,0,0,0,0,0,0,0,0,
0,0,0,0,0,0,0,0,0,0,0,0,0,0,0,
0,0,0,0,0,0,0,0,0,0,0,0,0,0,0,
0,0,0,0,0,0,0,0,0,0,0,0,0,0,0,
0,0,0,0,0,0,0,0,0,0,0,0,0,0,0,
0,0,0,0,0,0,0,0,0,0,0,0,0,0,0,
637,0,0,0,0,0,0,0,0,0,0,0,0,0,0,
0,0,0,0,0,0,0,0,0,0,0,0,0,0,0,
0,0,0,0,0,0,0,0,0,0,0,0,0,0,0,
0,0,0,0,0,0,0,0,0,0,0,0,0,0,0,
0,0,0,0,0,0,0,0,0,0,0,0,0,0,0,
0,0,0,0,0,0,0,0,0,0,0,0,0,0,0,
0,0,0,0,0,0,0,0,0,0,0,0,0,0,0,
0,0,0,0,0,0,0,0,0,0,0,0,0,0,0,
0,0,0,0,0,0,0,0,0,0,0,0,0,0,0,
0,0,0,0,0,0,0,0,0,0,0,0,0,0,0,
0,0,0,0,0,0,0,0,0,0,0,0,0,0,0,
0,0,0,0,0,0,0,0,0,0,0,0,0,0,0,
0,0,0,0,0,0,0,0,0,0,0,0,0,0,0,
0,0,0,0,0,0,0,0,0,0,0,0,0,0,0,
0,0,0,0,0,0,0,0,0,0,0,0,0,0,0,
0,0,0,0,0,0,0,0,0,0,0,0,0,0,0,
0,0,0,0,0,0,0,0,0,0,0,0,0,0,0,
0,0,0,0,0,0,0,0,0,0,0,0,0,0,0

[layer]
type=fg2
data=
0,0,0,0,0,0,0,0,0,0,0,0,0,0,0,
0,0,0,0,0,0,0,0,0,0,0,0,0,0,0,
0,0,0,0,0,0,0,0,0,0,0,0,0,0,0,
0,0,0,0,0,0,0,0,0,0,0,0,0,0,0,
0,0,0,0,0,0,0,0,0,0,0,0,0,0,0,
0,0,0,0,0,0,0,0,0,0,0,0,0,0,0,
0,0,0,0,0,0,0,0,0,0,0,0,0,0,0,
0,0,0,0,0,0,0,0,0,0,0,0,0,0,0,
0,0,0,0,0,0,0,0,0,0,0,0,0,0,0,
0,0,0,0,0,0,0,0,0,0,0,0,0,0,0,
0,0,0,0,0,0,0,0,0,0,0,0,0,0,0,
0,0,0,0,0,0,0,0,0,0,0,0,0,0,0,
0,0,0,0,0,0,0,0,0,0,0,0,0,0,0,
0,0,0,0,0,0,0,0,0,0,0,0,0,0,0,
0,0,0,0,0,0,0,0,0,0,0,0,0,0,0,
0,0,0,0,0,0,0,0,0,0,0,0,0,0,0,
0,0,0,0,0,0,0,0,0,0,0,0,0,0,0,
0,0,0,0,0,0,0,0,0,0,0,0,0,0,0,
0,0,0,0,0,0,0,0,0,0,0,0,0,0,0,
0,0,0,0,0,0,0,0,0,0,0,0,0,0,0,
0,0,0,0,0,0,0,0,0,0,0,0,0,0,0,
0,0,0,0,0,0,0,0,0,0,0,0,0,0,0,
0,0,0,0,0,0,0,0,0,0,0,0,0,0,0,
0,0,0,0,0,0,0,0,0,0,0,0,0,0,0,
0,0,0,0,0,0,0,0,0,0,0,0,0,0,0

