[header]
width=15
height=15
tilewidth=16
tileheight=16
orientation=orthogonal

[tilesets]
tileset=../textures/tileset.png,16,16,0,0

[layer]
type=physics
data=
1102,1102,1102,1102,1102,1102,1102,1102,1102,1102,1102,1102,1102,1102,1102,
1102,1102,1105,1105,1105,1105,1105,1105,1105,1105,1102,1103,1103,1103,1102,
1102,1102,1105,1105,1105,1105,1105,1105,1105,1105,1102,1103,1103,1103,1102,
1102,1105,1105,1105,1105,1105,1105,1105,1105,1105,1102,1103,1103,1103,1102,
1102,1105,1105,1105,1105,1105,1105,1105,1105,1105,1102,1103,1103,1103,1102,
1102,1105,1105,1105,1105,1105,1105,1105,1105,1105,1102,1103,1103,1103,1102,
1102,1105,1105,1105,1105,1105,1105,1105,1105,1105,1102,1103,1103,1103,1102,
1102,1105,1105,1105,1105,1105,1105,1105,1105,1105,1102,1103,1103,1103,1102,
1102,1105,1105,1105,1105,1105,1105,1105,1105,1105,1102,1103,1103,1103,1102,
1102,1105,1105,1105,1105,1105,1105,1105,1105,1105,1102,1103,1103,1103,1102,
1102,1105,1105,1105,1105,1105,1105,1105,1105,1105,1102,1103,1103,1103,1102,
1102,1105,1105,1105,1105,1105,1105,1105,1105,1105,1102,1103,1103,1103,1102,
1102,1105,1105,1105,1105,1105,1105,1105,1105,1105,1102,1103,1103,1103,1102,
1102,1105,1105,1105,1105,1105,1105,1105,1105,1105,1103,1103,1103,1103,1102,
1102,1102,1102,1102,1102,1102,1102,1102,1102,1102,1102,1102,1102,1102,1102

[layer]
type=bg1
data=
3745,3746,3746,3746,3746,3746,3746,3746,3746,3746,3746,3746,3746,3746,3747,
3777,3748,1729,1730,1730,1730,1730,1730,1730,1731,3748,3748,3748,3748,3777,
3777,3748,1761,1826,1826,1826,1826,1826,1826,1763,3748,3748,3748,3748,3777,
3777,1729,1762,1826,1826,1826,1826,1826,1826,1763,3748,3748,3748,3748,3777,
3777,1825,1762,1826,1826,1826,1826,1826,1826,1763,3748,3748,3748,3748,3777,
3777,1825,1762,1826,1826,1826,1826,1826,1826,1763,3748,3748,3748,3748,3777,
3777,1825,1762,1826,1826,1826,1826,1826,1826,1763,3748,3748,3748,3748,3777,
3777,1825,1762,1826,1826,1826,1826,1826,1826,1763,3748,3748,3748,3748,3777,
3777,1825,1762,1826,1826,1826,1826,1826,1826,1763,3748,3748,3748,3748,3777,
3777,1825,1762,1826,1826,1826,1826,1826,1826,1763,3748,3748,3748,3748,3777,
3777,1825,1762,1826,1826,1826,1826,1826,1826,1763,3748,3748,3748,3748,3777,
3777,1825,1762,1826,1826,1826,1826,1826,1826,1763,3748,3748,3748,3748,3777,
3777,1825,1762,1762,1762,1762,1762,1762,1762,1763,3748,3748,3748,3748,3777,
3777,1825,1762,1762,1762,1762,1762,1762,1762,1763,3748,3748,3748,3748,3777,
3809,3746,3746,3746,3746,3746,3746,3746,3746,3746,3746,3746,3746,3746,3811

[layer]
type=bg2
data=
0,0,0,0,0,0,0,0,0,0,0,0,0,0,0,
0,0,0,0,0,0,0,0,0,0,637,0,0,282,0,
0,0,0,0,0,0,0,0,0,0,637,0,0,0,0,
0,0,0,0,0,0,0,0,0,0,637,0,0,0,0,
0,0,0,0,0,0,0,0,0,0,637,0,0,0,0,
0,0,0,0,0,0,0,0,0,0,637,0,0,0,0,
0,0,0,0,0,0,0,0,0,0,637,0,0,0,0,
0,0,0,0,0,0,0,0,0,0,637,0,0,0,0,
0,0,0,0,0,0,0,0,0,0,637,0,0,0,0,
0,0,0,0,0,0,0,0,0,0,637,0,0,0,0,
0,0,0,0,0,0,0,0,0,0,637,0,0,0,0,
0,0,0,0,0,0,0,0,0,0,637,0,0,0,0,
0,0,0,0,0,0,0,0,0,0,637,0,0,0,0,
0,0,0,0,0,0,0,0,0,0,0,0,0,0,0,
0,0,0,0,0,0,0,0,0,0,0,0,0,0,0

[layer]
type=fg1
data=
0,0,0,0,0,0,0,0,0,0,0,0,0,0,0,
0,0,0,0,0,0,0,0,0,0,0,0,0,0,0,
0,0,0,0,0,0,0,0,0,0,0,0,0,0,0,
0,0,0,0,0,0,0,0,0,0,0,0,0,0,0,
0,0,0,0,0,0,0,0,0,0,0,0,0,0,0,
0,0,0,0,0,0,0,0,0,0,0,0,0,0,0,
0,0,0,0,0,0,0,0,0,0,0,0,0,0,0,
0,0,0,0,0,0,0,0,0,0,0,0,0,0,0,
0,0,0,0,0,0,0,0,0,0,0,0,0,0,0,
0,0,0,0,0,0,0,0,0,0,0,0,0,0,0,
0,0,0,0,0,0,0,0,0,0,0,0,0,0,0,
0,0,0,0,0,0,0,0,0,0,0,0,0,0,0,
0,0,0,0,0,0,0,0,0,0,0,0,0,0,0,
0,0,0,0,0,0,0,0,0,0,0,0,0,0,0,
0,0,0,0,0,0,0,0,0,0,0,0,0,0,0

[layer]
type=fg2
data=
0,0,0,0,0,0,0,0,0,0,0,0,0,0,0,
0,0,0,0,0,0,0,0,0,0,0,0,0,0,0,
0,0,0,0,0,0,0,0,0,0,0,0,0,0,0,
0,0,0,0,0,0,0,0,0,0,0,0,0,0,0,
0,0,0,0,0,0,0,0,0,0,0,0,0,0,0,
0,0,0,0,0,0,0,0,0,0,0,0,0,0,0,
0,0,0,0,0,0,0,0,0,0,0,0,0,0,0,
0,0,0,0,0,0,0,0,0,0,0,0,0,0,0,
0,0,0,0,0,0,0,0,0,0,0,0,0,0,0,
0,0,0,0,0,0,0,0,0,0,0,0,0,0,0,
0,0,0,0,0,0,0,0,0,0,0,0,0,0,0,
0,0,0,0,0,0,0,0,0,0,0,0,0,0,0,
0,0,0,0,0,0,0,0,0,0,0,0,0,0,0,
0,0,0,0,0,0,0,0,0,0,0,0,0,0,0,
0,0,0,0,0,0,0,0,0,0,0,0,0,0,0

