[header]
width=100
height=60
tilewidth=16
tileheight=16
orientation=orthogonal

[tilesets]
tileset=../textures/tileset.png,16,16,0,0

[layer]
type=physics
data=
1102,1102,1102,1102,1102,1102,1102,1102,1102,1102,1102,1102,1102,1102,1102,1102,1102,1102,1102,1102,1102,1102,1102,1102,1102,1102,1102,1102,1102,1102,1102,1102,1102,1102,1102,1102,1102,1102,1102,1102,1102,1102,1102,1102,1102,1102,1102,1102,1102,1102,1102,1102,1102,1102,1102,1102,1102,1102,1102,1102,1102,1102,1102,1102,1102,1102,1102,1102,1102,1102,1102,1102,1102,1102,1102,1102,1102,1102,1102,1102,1102,1102,1102,1102,1102,1102,1102,1102,1102,1102,1102,1102,1102,1102,1102,1102,1102,1102,1102,1102,
1102,1102,1102,1102,1102,1102,1102,1102,1102,1102,1102,1102,1102,1102,1102,1102,1102,1102,1102,1102,1102,1102,1102,1102,1102,1102,1102,1102,1102,1102,1102,1102,1102,1102,1102,1102,1102,1102,1102,1102,1102,1102,1102,1102,1102,1102,1102,1102,1102,1102,1102,1102,1102,1102,1102,1102,1102,1102,1102,1102,1102,1102,1102,1102,1102,1102,1102,1102,1102,1102,1102,1102,1102,1102,1102,1102,1102,1102,1102,1102,1102,1102,1102,1102,1102,1102,1102,1102,1102,1102,1102,1102,1102,1102,1102,1102,1102,1102,1102,1102,
1102,1102,1102,1102,1102,1102,1102,1102,1102,1102,1102,1102,1102,1102,1102,1102,1102,1102,1102,1102,1102,1102,1102,1102,1102,1102,1102,1102,1102,1102,1102,1102,1103,1103,1103,1102,1102,1102,1102,1102,1102,1102,1102,1102,1102,1102,1102,1102,1102,1102,1102,1102,1102,1102,1102,1102,1102,1102,1102,1102,1102,1102,1102,1102,1102,1102,1102,1102,1102,1102,1102,1102,1102,1102,1102,1102,1102,1102,1102,1102,1102,1102,1102,1102,1102,1102,1102,1102,1102,1102,1102,1102,1102,1102,1102,1102,1102,1102,1102,1102,
1102,1102,1102,1102,1102,1102,1102,1102,1102,1102,1102,1102,1102,1102,1102,1102,1102,1102,1102,1102,1102,1102,1102,1102,1102,1102,1102,1102,1102,1102,1102,1103,1103,1103,1103,1103,1103,1103,1103,1103,1102,1102,1102,1103,1103,1102,1102,1102,1102,1102,1102,1102,1102,1102,1102,1103,1103,1103,1102,1102,1102,1102,1102,1102,1102,1102,1102,1102,1102,1102,1102,1102,1102,1102,1102,1102,1102,1102,1102,1102,1102,1102,1102,1102,1102,1102,1102,1102,1102,1102,1102,1102,1102,1102,1102,1102,1102,1102,1102,1102,
1102,1102,1102,1102,1102,1102,1102,1102,1102,1102,1102,1102,1102,1102,1102,1102,1102,1102,1102,1102,1102,1102,1102,1102,1102,1102,1102,1102,1102,1102,1103,1103,1103,1103,1103,1103,1103,1103,1103,1103,1103,1103,1103,1103,1103,1102,1102,1102,1102,1102,1102,1103,1103,1103,1103,1103,1103,1103,1102,1102,1102,1102,1102,1102,1102,1102,1102,1102,1102,1102,1102,1102,1102,1102,1102,1102,1102,1102,1102,1102,1102,1102,1102,1102,1102,1102,1102,1102,1102,1102,1102,1102,1102,1102,1102,1102,1102,1102,1102,1102,
1102,1102,1102,1102,1102,1102,1102,1102,1102,1102,1102,1102,1102,1102,1102,1102,1102,1102,1102,1102,1102,1102,1102,1102,1102,1102,1102,1102,1102,1102,1103,1103,1103,1103,1103,1103,1103,1103,1103,1103,1103,1103,1103,1103,1103,1103,1103,1102,1102,1103,1103,1103,1103,1103,1103,1103,1103,1103,1103,1103,1103,1103,1103,1102,1102,1102,1102,1102,1102,1102,1102,1102,1102,1102,1102,1102,1102,1102,1102,1102,1102,1102,1102,1102,1102,1102,1102,1102,1102,1102,1102,1102,1102,1102,1102,1102,1102,1102,1102,1102,
1102,1102,1102,1102,1102,1102,1102,1102,1102,1102,1102,1102,1102,1102,1102,1102,1102,1102,1102,1102,1102,1102,1102,1102,1102,1102,1102,1102,1102,1103,1103,1103,1103,1103,1103,1103,1103,1103,1103,1103,1103,1103,1103,1103,1103,1103,1103,1103,1103,1103,1103,1103,1103,1103,1103,1103,1103,1103,1103,1103,1103,1103,1103,1102,1102,1102,1102,1102,1102,1102,1102,1102,1102,1102,1102,1102,1102,1102,1102,1102,1102,1102,1102,1102,1102,1102,1102,1102,1102,1102,1102,1102,1102,1102,1102,1102,1102,1102,1102,1102,
1102,1102,1102,1102,1102,1102,1102,1102,1102,1102,1102,1102,1102,1102,1102,1102,1102,1102,1102,1102,1102,1102,1102,1102,1102,1102,1102,1102,1102,1103,1103,1103,1103,1103,1103,1103,1103,1103,1103,1103,1103,1103,1103,1103,1103,1103,1103,1103,1103,1103,1103,1103,1103,1103,1103,1103,1103,1103,1103,1103,1103,1103,1103,1102,1102,1102,1102,1102,1102,1102,1102,1102,1102,1102,1102,1102,1102,1102,1102,1102,1102,1102,1102,1102,1102,1102,1102,1102,1102,1102,1102,1102,1102,1102,1102,1102,1102,1102,1102,1102,
1102,1102,1102,1102,1102,1102,1102,1102,1102,1102,1102,1102,1102,1102,1102,1102,1102,1102,1102,1102,1102,1102,1102,1102,1102,1102,1102,1102,1102,1103,1103,1103,1103,1103,1103,1103,1103,1103,1103,1103,1103,1103,1103,1103,1103,1103,1103,1103,1103,1103,1103,1103,1103,1103,1103,1103,1103,1103,1103,1103,1103,1103,1103,1103,1103,1103,1103,1102,1102,1102,1102,1102,1103,1102,1102,1102,1102,1102,1102,1102,1102,1102,1102,1102,1102,1102,1102,1102,1102,1102,1102,1102,1102,1102,1102,1102,1102,1102,1102,1102,
1102,1102,1102,1102,1102,1102,1102,1102,1102,1102,1102,1102,1102,1102,1102,1102,1102,1102,1102,1102,1102,1102,1102,1102,1102,1102,1102,1102,1103,1103,1103,1103,1103,1103,1103,1103,1103,1103,1103,1103,1103,1103,1103,1103,1103,1103,1103,1103,1103,1103,1103,1103,1103,1103,1103,1103,1103,1103,1103,1103,1103,1103,1103,1103,1103,1103,1103,1102,1102,1102,1102,1103,1103,1103,1102,1102,1102,1102,1102,1102,1102,1102,1102,1102,1102,1102,1102,1102,1102,1102,1102,1102,1102,1102,1102,1102,1102,1102,1102,1102,
1102,1102,1102,1102,1102,1102,1102,1102,1102,1102,1102,1102,1102,1102,1102,1102,1102,1102,1102,1102,1102,1102,1102,1102,1102,1102,1102,1102,1103,1103,1103,1103,1103,1103,1103,1103,1103,1103,1103,1103,1103,1103,1103,1103,1103,1103,1103,1103,1103,1103,1103,1103,1103,1103,1103,1103,1103,1103,1104,1103,1103,1103,1103,1103,1103,1103,1103,1103,1103,1103,1103,1103,1103,1103,1102,1102,1102,1102,1102,1102,1102,1102,1102,1102,1102,1102,1102,1102,1102,1102,1102,1102,1102,1102,1102,1102,1102,1102,1102,1102,
1102,1102,1102,1102,1102,1102,1102,1102,1102,1102,1102,1102,1102,1102,1102,1102,1102,1102,1102,1102,1102,1102,1102,1102,1102,1102,1102,1102,1102,1103,1103,1103,1103,1103,1103,1103,1103,1103,1103,1103,1103,1103,1103,1103,1103,1103,1103,1103,1103,1104,1104,1103,1103,1103,1103,1103,1103,1103,1103,1103,1103,1103,1103,1103,1103,1103,1103,1103,1103,1103,1103,1103,1103,1103,1102,1102,1102,1102,1102,1102,1102,1102,1102,1102,1102,1102,1102,1102,1102,1102,1102,1102,1102,1102,1102,1102,1102,1102,1102,1102,
1102,1102,1102,1102,1102,1102,1102,1102,1102,1102,1102,1102,1102,1102,1102,1102,1102,1102,1102,1102,1102,1102,1102,1102,1102,1102,1102,1102,1102,1103,1103,1103,1103,1103,1103,1103,1103,1103,1103,1103,1103,1103,1103,1103,1103,1103,1103,1103,1103,1104,1104,1103,1103,1103,1103,1103,1103,1104,1104,1104,1104,1103,1103,1103,1103,1103,1103,1103,1103,1103,1103,1103,1103,1103,1102,1102,1102,1102,1102,1102,1102,1102,1102,1102,1102,1102,1102,1102,1102,1102,1102,1102,1102,1102,1102,1102,1102,1102,1102,1102,
1102,1102,1102,1102,1102,1102,1102,1102,1102,1102,1102,1102,1102,1102,1102,1102,1102,1102,1102,1102,1102,1102,1102,1102,1102,1102,1102,1102,1102,1103,1103,1103,1103,1103,1103,1103,1103,1103,1103,1103,1103,1103,1103,1103,1103,1103,1103,1103,1103,1103,1103,1103,1103,1103,1103,1103,1103,1104,1104,1104,1104,1103,1103,1103,1103,1103,1103,1103,1103,1103,1103,1103,1103,1103,1102,1102,1102,1102,1102,1102,1102,1102,1102,1102,1102,1102,1102,1102,1102,1102,1102,1102,1102,1102,1102,1102,1102,1102,1102,1102,
1102,1102,1102,1102,1102,1102,1102,1102,1102,1102,1102,1102,1102,1102,1102,1102,1102,1102,1102,1102,1102,1102,1102,1102,1102,1102,1102,1102,1102,1103,1103,1103,1103,1103,1103,1103,1103,1103,1103,1103,1103,1103,1103,1103,1103,1103,1103,1103,1103,1103,1103,1103,1103,1103,1103,1103,1103,1104,1104,1104,1104,1103,1103,1103,1104,1104,1103,1103,1103,1103,1103,1103,1103,1103,1103,1103,1103,1103,1103,1103,1102,1102,1102,1102,1102,1102,1102,1102,1102,1102,1102,1102,1102,1102,1102,1102,1102,1102,1102,1102,
1102,1102,1102,1102,1102,1102,1102,1102,1102,1102,1102,1102,1102,1102,1102,1102,1102,1102,1102,1102,1102,1102,1102,1102,1102,1102,1102,1102,1103,1103,1103,1103,1102,1103,1103,1102,1102,1102,1103,1103,1103,1103,1103,1103,1103,1103,1103,1103,1103,1103,1103,1103,1103,1103,1103,1103,1103,1103,1103,1103,1103,1103,1103,1103,1103,1103,1103,1103,1103,1103,1103,1103,1103,1103,1103,1103,1103,1103,1103,1103,1102,1102,1102,1102,1102,1102,1102,1102,1102,1102,1102,1102,1102,1102,1102,1102,1102,1102,1102,1102,
1102,1102,1102,1102,1102,1102,1102,1102,1102,1102,1102,1102,1102,1102,1102,1102,1102,1102,1102,1102,1102,1102,1102,1102,1102,1102,1102,1102,1103,1103,1103,1103,1103,1102,1102,1102,1102,1102,1103,1103,1103,1103,1103,1103,1103,1103,1103,1103,1103,1103,1103,1103,1103,1103,1103,1103,1103,1103,1103,1103,1103,1103,1103,1103,1103,1103,1103,1103,1103,1103,1103,1103,1103,1103,1103,1103,1103,1103,1103,1103,1102,1102,1102,1102,1102,1102,1102,1102,1102,1102,1102,1102,1102,1102,1102,1102,1102,1102,1102,1102,
1102,1102,1102,1102,1102,1102,1102,1102,1102,1102,1102,1102,1102,1102,1102,1102,1102,1102,1102,1102,1102,1102,1102,1102,1102,1102,1102,1102,1103,1103,1103,1103,1103,1102,1102,1102,1102,1102,1103,1103,1103,1103,1103,1103,1103,1103,1103,1103,1103,1103,1103,1103,1103,1103,1103,1103,1103,1103,1103,1103,1103,1103,1103,1103,1103,1103,1103,1103,1103,1103,1103,1103,1103,1103,1103,1103,1103,1103,1103,1103,1103,1103,1103,1103,1103,1103,1102,1102,1102,1102,1102,1102,1102,1102,1102,1102,1102,1102,1102,1102,
1102,1102,1102,1102,1102,1102,1102,1102,1102,1102,1102,1102,1102,1102,1102,1102,1102,1102,1102,1102,1102,1102,1102,1102,1102,1102,1102,1103,1103,1103,1103,1103,1103,1102,1102,1102,1102,1102,1103,1103,1103,1103,1103,1103,1103,1103,1103,1103,1103,1103,1103,1103,1103,1103,1103,1103,1103,1103,1103,1103,1103,1103,1103,1103,1103,1103,1103,1103,1103,1103,1103,1103,1103,1103,1103,1103,1103,1103,1103,1103,1103,1103,1103,1103,1103,1103,1102,1102,1102,1102,1102,1102,1102,1102,1102,1102,1102,1102,1102,1102,
1102,1102,1102,1102,1102,1102,1102,1102,1102,1102,1102,1102,1102,1102,1102,1102,1102,1102,1102,1102,1102,1102,1102,1102,1102,1102,1102,1103,1103,1103,1103,1103,1103,1103,1103,1103,1103,1103,1103,1103,1103,1103,1103,1103,1103,1103,1103,1103,1103,1103,1103,1103,1103,1103,1103,1103,1103,1103,1103,1103,1103,1103,1103,1103,1103,1103,1103,1103,1103,1103,1103,1103,1103,1103,1103,1103,1103,1103,1103,1103,1103,1103,1103,1103,1103,1103,1102,1102,1102,1102,1102,1102,1102,1102,1102,1102,1102,1102,1102,1102,
1102,1102,1102,1102,1102,1102,1102,1102,1102,1102,1102,1102,1102,1102,1102,1102,1102,1102,1102,1102,1102,1102,1102,1102,1102,1103,1103,1103,1103,1103,1103,1103,1103,1103,1103,1103,1103,1103,1103,1103,1103,1103,1103,1102,1102,1102,1102,1102,1102,1102,1102,1102,1103,1103,1103,1103,1103,1103,1103,1103,1103,1103,1103,1103,1103,1103,1103,1103,1103,1103,1103,1103,1103,1103,1103,1103,1103,1103,1103,1103,1103,1103,1103,1103,1103,1103,1102,1102,1102,1102,1102,1102,1102,1102,1102,1102,1102,1102,1102,1102,
1102,1102,1102,1102,1102,1102,1102,1102,1102,1102,1102,1102,1102,1102,1102,1102,1102,1102,1102,1102,1102,1102,1102,1102,1103,1103,1103,1103,1103,1103,1103,1103,1103,1102,1102,1102,1102,1102,1102,1103,1103,1103,1103,1102,1102,1102,1102,1102,1102,1102,1102,1102,1103,1103,1103,1103,1103,1103,1103,1103,1103,1103,1103,1103,1103,1103,1103,1103,1103,1103,1103,1103,1103,1103,1103,1103,1103,1103,1103,1103,1103,1103,1103,1103,1103,1103,1103,1103,1103,1103,1102,1102,1102,1102,1102,1102,1102,1102,1102,1102,
1102,1102,1102,1102,1102,1102,1102,1102,1102,1102,1102,1102,1102,1102,1102,1102,1102,1102,1102,1102,1102,1102,1103,1103,1103,1103,1103,1103,1103,1103,1103,1103,1103,1102,1103,1103,1103,1103,1102,1102,1102,1103,1103,1102,1102,1102,1102,1102,1102,1102,1102,1102,1103,1103,1103,1103,1103,1103,1103,1103,1103,1103,1103,1103,1103,1103,1103,1103,1103,1103,1103,1103,1103,1103,1103,1103,1103,1103,1103,1103,1103,1103,1103,1103,1103,1103,1103,1103,1103,1103,1103,1103,1103,1103,1103,1102,1102,1102,1102,1102,
1102,1102,1102,1102,1102,1102,1102,1102,1102,1102,1102,1102,1102,1102,1102,1102,1102,1102,1103,1103,1103,1103,1103,1103,1103,1103,1103,1103,1103,1103,1103,1103,1103,1102,1103,1103,1103,1103,1103,1103,1102,1103,1103,1102,1102,1102,1102,1102,1102,1102,1102,1102,1103,1103,1103,1103,1103,1103,1103,1103,1103,1103,1103,1103,1103,1103,1103,1103,1103,1103,1103,1103,1103,1103,1103,1103,1103,1103,1103,1103,1103,1103,1103,1103,1103,1103,1103,1103,1103,1103,1103,1103,1103,1103,1103,1102,1102,1102,1102,1102,
1102,1102,1102,1102,1103,1103,1103,1103,1102,1102,1102,1102,1102,1102,1102,1102,1102,1102,1103,1103,1103,1103,1103,1103,1103,1103,1103,1103,1103,1103,1103,1103,1103,1102,1103,1103,1103,1103,1103,1103,1102,1103,1103,1102,1102,1102,1102,1102,1103,1103,1103,1103,1103,1103,1103,1103,1103,1103,1103,1103,1103,1103,1103,1105,1105,1105,1105,1105,1105,1105,1105,1105,1105,1105,1105,1105,1103,1103,1103,1103,1103,1103,1103,1103,1103,1103,1103,1103,1103,1103,1103,1103,1103,1103,1103,1102,1102,1102,1102,1102,
1102,1102,1102,1102,1103,1103,1103,1103,1102,1102,1102,1102,1102,1102,1102,1102,1102,1103,1103,1103,1103,1103,1103,1103,1103,1103,1103,1103,1103,1103,1103,1103,1103,1102,1103,1103,1103,1103,1103,1103,1102,1103,1103,1102,1102,1102,1102,1102,1103,1103,1103,1103,1103,1103,1103,1103,1103,1103,1103,1103,1103,1103,1103,1105,1105,1105,1105,1105,1105,1105,1105,1105,1105,1105,1105,1105,1105,1105,1103,1103,1103,1103,1103,1103,1103,1103,1103,1103,1103,1103,1103,1103,1103,1103,1103,1103,1103,1103,1103,1103,
1103,1103,1103,1103,1103,1103,1103,1103,1102,1102,1102,1102,1102,1102,1102,1102,1102,1103,1103,1103,1103,1103,1103,1103,1103,1103,1103,1103,1103,1103,1103,1103,1103,1102,1103,1103,1103,1103,1103,1103,1102,1103,1103,1103,1103,1103,1103,1103,1103,1103,1103,1103,1103,1103,1103,1103,1103,1103,1103,1103,1103,1103,1105,1105,1105,1105,1105,1105,1105,1105,1105,1105,1105,1105,1105,1105,1105,1105,1105,1105,1105,1103,1103,1103,1103,1103,1103,1103,1103,1103,1103,1103,1103,1103,1103,1103,1103,1103,1103,1103,
1103,1103,1103,1103,1103,1103,1103,1103,1103,1102,1102,1102,1102,1102,1102,1102,1102,1103,1103,1103,1103,1103,1103,1103,1103,1103,1103,1103,1103,1103,1103,1103,1103,1102,1103,1103,1103,1103,1103,1103,1102,1103,1103,1103,1103,1103,1103,1103,1103,1103,1103,1103,1103,1103,1103,1103,1103,1103,1103,1103,1105,1105,1105,1105,1105,1105,1105,1105,1105,1105,1105,1105,1105,1105,1105,1105,1105,1105,1105,1105,1105,1105,1105,1103,1103,1103,1103,1103,1103,1103,1103,1103,1103,1103,1103,1103,1103,1103,1103,1103,
1103,1103,1103,1103,1103,1103,1103,1103,1103,1102,1102,1102,1102,1102,1102,1102,1103,1103,1103,1103,1103,1103,1103,1103,1103,1103,1103,1103,1103,1103,1103,1103,1103,1102,1102,1102,1102,1103,1102,1102,1102,1103,1103,1103,1103,1103,1103,1103,1103,1103,1103,1103,1103,1103,1103,1103,1103,1105,1105,1105,1105,1105,1105,1105,1105,1105,1105,1105,1105,1105,1105,1105,1105,1105,1105,1105,1105,1105,1105,1105,1105,1105,1105,1103,1103,1103,1103,1103,1103,1103,1103,1103,1103,1103,1103,1103,1103,1103,1103,1103,
1103,1103,1103,1103,1103,1103,1103,1103,1103,1103,1102,1102,1102,1102,1103,1103,1103,1103,1103,1103,1103,1103,1103,1103,1103,1103,1103,1103,1103,1103,1103,1103,1103,1103,1103,1103,1103,1103,1103,1103,1103,1103,1103,1103,1103,1103,1103,1103,1103,1103,1103,1103,1103,1105,1105,1105,1105,1105,1105,1105,1105,1105,1105,1105,1105,1105,1105,1105,1105,1105,1105,1105,1105,1105,1105,1105,1105,1105,1105,1105,1105,1105,1105,1105,1105,1103,1103,1103,1103,1103,1103,1103,1103,1103,1103,1103,1103,1103,1103,1103,
1103,1103,1103,1103,1103,1103,1103,1103,1103,1103,1103,1103,1103,1103,1103,1103,1103,1103,1103,1103,1103,1103,1103,1103,1103,1103,1103,1103,1103,1103,1103,1103,1103,1103,1103,1103,1103,1103,1103,1103,1103,1103,1103,1103,1103,1103,1103,1103,1103,1103,1103,1103,1103,1105,1105,1105,1105,1105,1105,1105,1105,1105,1105,1105,1105,1105,1105,1105,1105,1105,1105,1105,1105,1105,1105,1105,1105,1105,1105,1105,1105,1105,1105,1105,1105,1105,1103,1103,1103,1103,1103,1103,1103,1103,1103,1103,1103,1103,1103,1103,
1103,1103,1103,1103,1103,1103,1103,1103,1103,1103,1103,1103,1103,1103,1103,1103,1103,1103,1103,1103,1103,1103,1103,1103,1103,1103,1103,1103,1103,1103,1103,1103,1103,1103,1103,1103,1103,1103,1103,1103,1103,1103,1103,1103,1103,1103,1103,1103,1103,1103,1103,1103,1105,1105,1105,1105,1105,1105,1105,1105,1105,1105,1105,1105,1105,1105,1105,1105,1105,1105,1105,1105,1105,1105,1105,1105,1105,1105,1105,1105,1105,1105,1105,1105,1105,1105,1103,1103,1103,1103,1103,1103,1103,1103,1103,1103,1103,1103,1103,1103,
1103,1103,1103,1103,1103,1103,1103,1103,1103,1103,1103,1103,1103,1103,1103,1103,1103,1103,1103,1103,1103,1103,1103,1103,1103,1103,1103,1103,1103,1103,1103,1103,1103,1103,1103,1103,1103,1103,1103,1103,1103,1103,1103,1103,1103,1103,1103,1103,1103,1103,1103,1105,1105,1105,1105,1105,1105,1105,1105,1105,1105,1105,1105,1105,1105,1105,1105,1105,1105,1105,1105,1105,1105,1105,1105,1105,1105,1105,1105,1105,1105,1105,1105,1105,1105,1105,1105,1103,1103,1103,1103,1103,1103,1103,1103,1103,1103,1103,1103,1103,
1103,1103,1103,1103,1103,1103,1103,1103,1103,1103,1103,1103,1103,1103,1103,1103,1103,1103,1103,1103,1103,1103,1103,1103,1103,1103,1103,1103,1103,1103,1103,1103,1103,1103,1103,1103,1103,1103,1103,1103,1102,1102,1102,1102,1102,1102,1102,1102,1103,1103,1105,1105,1105,1105,1105,1105,1105,1105,1105,1105,1105,1105,1105,1105,1105,1105,1105,1105,1105,1105,1105,1105,1105,1105,1105,1105,1105,1105,1105,1105,1105,1105,1105,1105,1105,1105,1105,1105,1103,1103,1103,1103,1103,1103,1103,1103,1103,1103,1103,1103,
1103,1103,1103,1103,1103,1103,1103,1103,1103,1103,1103,1103,1103,1103,1103,1103,1103,1103,1103,1103,1103,1103,1103,1103,1103,1103,1103,1103,1103,1103,1103,1103,1103,1103,1103,1103,1103,1103,1103,1103,1102,1102,1102,1102,1102,1102,1102,1102,1103,1105,1105,1105,1105,1105,1105,1105,1105,1105,1105,1105,1105,1105,1105,1105,1105,1105,1105,1105,1105,1105,1105,1105,1105,1105,1105,1105,1105,1105,1105,1105,1105,1105,1105,1105,1105,1105,1105,1105,1105,1103,1103,1103,1103,1103,1103,1103,1103,1103,1103,1103,
1103,1103,1103,1103,1103,1103,1103,1103,1103,1103,1103,1103,1103,1103,1103,1103,1103,1103,1103,1103,1103,1103,1103,1103,1103,1103,1103,1103,1103,1103,1103,1103,1103,1103,1103,1103,1102,1102,1102,1102,1102,1102,1102,1102,1102,1102,1102,1102,1103,1105,1105,1105,1105,1105,1105,1105,1105,1105,1105,1105,1105,1105,1105,1105,1105,1105,1105,1105,1102,1103,1103,1103,1102,1102,1102,1105,1105,1105,1105,1105,1105,1105,1105,1105,1105,1105,1105,1105,1105,1105,1103,1103,1103,1103,1103,1103,1103,1103,1105,1105,
1103,1103,1103,1103,1103,1103,1103,1103,1103,1103,1103,1103,1103,1103,1103,1103,1103,1103,1103,1103,1103,1103,1103,1103,1103,1103,1103,1103,1103,1103,1103,1103,1103,1103,1103,1103,1102,1102,1102,1102,1102,1102,1102,1102,1102,1102,1102,1103,1103,1105,1105,1105,1105,1105,1105,1105,1105,1105,1105,1105,1105,1105,1105,1105,1105,1105,1102,1103,1103,1103,1103,1103,1102,1102,1102,1102,1105,1105,1105,1105,1105,1105,1105,1105,1105,1105,1105,1105,1105,1105,1103,1103,1103,1103,1103,1103,1103,1103,1105,1105,
1103,1103,1103,1103,1103,1103,1103,1103,1103,1103,1103,1103,1103,1103,1103,1103,1103,1103,1103,1103,1103,1103,1103,1103,1103,1103,1103,1103,1103,1103,1103,1103,1103,1103,1103,1103,1102,1102,1102,1102,1102,1102,1102,1102,1102,1102,1103,1103,1105,1105,1105,1105,1105,1105,1105,1105,1105,1105,1105,1105,1105,1105,1105,1105,1105,1102,1102,1103,1103,1103,1103,1103,1103,1102,1102,1102,1105,1105,1105,1105,1105,1105,1105,1105,1105,1105,1105,1105,1105,1105,1103,1103,1103,1103,1103,1103,1103,1103,1105,1105,
1103,1103,1103,1103,1103,1103,1103,1103,1103,1103,1103,1103,1103,1103,1103,1103,1103,1103,1103,1103,1103,1103,1103,1103,1103,1103,1103,1103,1103,1103,1103,1103,1103,1103,1103,1102,1102,1102,1102,1102,1102,1102,1102,1102,1102,1102,1103,1105,1105,1105,1105,1105,1105,1105,1105,1105,1105,1105,1105,1105,1105,1105,1105,1105,1103,1102,1102,1103,1103,1103,1103,1103,1103,1103,1103,1103,1105,1105,1105,1105,1105,1105,1105,1105,1105,1105,1105,1105,1105,1105,1103,1103,1103,1103,1103,1103,1103,1103,1105,1105,
1103,1103,1103,1103,1103,1103,1103,1103,1103,1103,1103,1103,1103,1103,1103,1103,1103,1103,1103,1103,1103,1103,1103,1103,1103,1103,1103,1103,1103,1103,1103,1103,1103,1103,1103,1102,1102,1102,1102,1102,1102,1102,1102,1102,1102,1103,1105,1105,1105,1105,1105,1105,1105,1105,1105,1105,1105,1105,1105,1105,1105,1105,1105,1105,1103,1103,1103,1103,1103,1103,1103,1103,1103,1103,1103,1103,1105,1105,1105,1105,1105,1105,1105,1105,1105,1105,1105,1105,1105,1105,1103,1103,1103,1103,1103,1103,1105,1105,1105,1105,
1103,1103,1103,1103,1103,1103,1103,1103,1103,1103,1103,1103,1103,1103,1103,1103,1103,1103,1103,1103,1103,1103,1103,1103,1103,1103,1103,1103,1103,1103,1103,1103,1103,1103,1103,1102,1102,1102,1102,1102,1102,1102,1102,1102,1102,1103,1105,1105,1105,1105,1105,1105,1105,1105,1105,1105,1105,1105,1105,1105,1105,1105,1105,1105,1103,1103,1103,1103,1103,1103,1103,1103,1103,1103,1103,1105,1105,1105,1105,1105,1105,1105,1105,1105,1105,1105,1105,1105,1105,1105,1103,1103,1103,1103,1103,1103,1105,1105,1105,1105,
1103,1103,1103,1103,1103,1103,1103,1103,1103,1103,1103,1103,1103,1103,1103,1103,1103,1103,1103,1103,1103,1103,1103,1103,1103,1103,1103,1103,1103,1103,1103,1103,1103,1103,1103,1102,1102,1102,1102,1102,1102,1102,1102,1102,1102,1105,1105,1105,1105,1105,1105,1105,1105,1105,1105,1105,1105,1105,1105,1105,1105,1105,1105,1105,1103,1103,1103,1103,1103,1103,1103,1103,1103,1103,1103,1105,1105,1105,1105,1105,1105,1105,1105,1105,1105,1105,1105,1105,1105,1103,1103,1103,1103,1103,1103,1103,1105,1105,1105,1105,
1103,1103,1103,1103,1103,1103,1103,1103,1103,1103,1103,1103,1103,1103,1103,1103,1103,1103,1103,1103,1103,1103,1103,1103,1103,1103,1103,1103,1103,1103,1103,1103,1103,1103,1102,1102,1102,1102,1102,1102,1102,1102,1102,1102,1102,1105,1105,1105,1105,1105,1105,1105,1105,1105,1105,1105,1105,1105,1105,1105,1105,1105,1105,1105,1103,1103,1103,1103,1103,1103,1103,1103,1103,1103,1105,1105,1105,1105,1105,1105,1105,1105,1105,1105,1105,1105,1105,1105,1105,1105,1105,1105,1103,1103,1105,1105,1105,1105,1105,1105,
1103,1103,1103,1103,1103,1103,1103,1103,1103,1103,1103,1103,1103,1103,1103,1103,1103,1103,1103,1103,1103,1103,1103,1103,1103,1103,1103,1103,1103,1103,1103,1103,1103,1103,1102,1102,1102,1102,1102,1102,1102,1102,1102,1102,1105,1105,1105,1105,1105,1105,1105,1105,1105,1105,1105,1105,1105,1105,1105,1105,1105,1105,1105,1105,1105,1103,1103,1103,1103,1103,1103,1103,1103,1103,1105,1105,1105,1105,1105,1105,1105,1105,1105,1105,1105,1105,1105,1105,1105,1105,1105,1105,1103,1103,1105,1105,1105,1105,1105,1105,
1103,1103,1103,1103,1103,1103,1103,1103,1103,1103,1103,1103,1103,1103,1103,1103,1103,1103,1103,1103,1103,1103,1103,1103,1103,1103,1103,1103,1103,1103,1103,1103,1103,1103,1102,1102,1102,1102,1102,1102,1102,1102,1102,1105,1105,1105,1105,1105,1105,1105,1105,1105,1105,1105,1105,1105,1105,1105,1105,1105,1105,1105,1105,1105,1105,1105,1105,1105,1105,1105,1105,1105,1103,1105,1105,1105,1105,1105,1105,1105,1105,1105,1105,1105,1105,1105,1105,1105,1105,1103,1103,1103,1103,1103,1103,1103,1105,1105,1105,1105,
1103,1103,1103,1103,1103,1103,1103,1103,1103,1103,1103,1103,1103,1103,1103,1103,1103,1103,1103,1103,1103,1103,1103,1103,1103,1103,1103,1103,1103,1103,1103,1103,1103,1103,1102,1102,1102,1102,1102,1102,1102,1105,1105,1105,1105,1105,1105,1105,1105,1105,1105,1105,1105,1105,1105,1105,1105,1105,1105,1105,1105,1105,1105,1105,1105,1105,1105,1105,1105,1105,1105,1105,1103,1105,1105,1105,1105,1105,1105,1105,1105,1105,1105,1105,1105,1105,1105,1105,1105,1103,1103,1103,1103,1103,1103,1103,1103,1103,1103,1102,
1103,1103,1103,1103,1103,1103,1103,1103,1103,1103,1103,1103,1103,1103,1103,1103,1103,1103,1103,1103,1103,1103,1103,1103,1103,1103,1103,1103,1103,1103,1103,1103,1103,1103,1102,1102,1102,1102,1102,1105,1105,1105,1105,1105,1105,1105,1105,1103,1103,1103,1103,1103,1105,1105,1105,1105,1105,1105,1105,1105,1105,1105,1105,1105,1105,1105,1105,1105,1105,1105,1105,1105,1103,1105,1105,1105,1105,1105,1105,1105,1105,1105,1105,1105,1105,1105,1105,1105,1103,1103,1103,1103,1103,1103,1103,1103,1103,1103,1103,1102,
1103,1103,1103,1103,1103,1103,1103,1103,1103,1103,1103,1103,1103,1103,1103,1103,1103,1103,1103,1103,1103,1103,1103,1103,1103,1103,1103,1103,1103,1103,1103,1103,1103,1103,1102,1102,1102,1105,1105,1105,1105,1105,1105,1103,1103,1103,1103,1103,1103,1103,1103,1103,1105,1105,1105,1105,1105,1105,1105,1105,1105,1105,1105,1105,1105,1105,1105,1105,1105,1105,1105,1105,1103,1105,1105,1105,1105,1105,1105,1105,1105,1105,1105,1105,1105,1105,1105,1103,1103,1103,1103,1103,1103,1103,1103,1103,1103,1103,1103,1102,
1103,1103,1103,1103,1103,1103,1103,1103,1103,1103,1103,1103,1103,1103,1103,1103,1103,1103,1103,1103,1103,1103,1103,1103,1103,1103,1103,1103,1103,1103,1103,1103,1103,1103,1105,1105,1105,1105,1105,1105,1105,1103,1103,1103,1103,1103,1103,1103,1103,1103,1103,1103,1105,1105,1105,1105,1105,1105,1105,1105,1105,1105,1105,1105,1105,1105,1105,1105,1105,1105,1105,1105,1103,1105,1105,1105,1105,1105,1105,1105,1105,1105,1105,1105,1105,1105,1105,1103,1103,1103,1103,1103,1103,1103,1103,1103,1103,1103,1103,1102,
1103,1103,1103,1103,1103,1103,1103,1103,1103,1103,1103,1103,1103,1103,1103,1103,1103,1103,1103,1103,1103,1103,1103,1103,1103,1103,1103,1103,1103,1105,1105,1103,1103,1103,1105,1105,1105,1105,1105,1103,1103,1103,1103,1103,1103,1103,1103,1103,1103,1103,1103,1103,1103,1103,1105,1105,1105,1105,1105,1105,1105,1105,1105,1105,1105,1105,1105,1105,1105,1105,1105,1105,1103,1105,1105,1105,1105,1105,1105,1105,1105,1105,1105,1105,1105,1103,1103,1103,1103,1103,1103,1103,1103,1103,1103,1103,1103,1103,1103,1102,
1103,1103,1103,1103,1103,1103,1103,1103,1103,1103,1103,1103,1103,1103,1103,1103,1103,1103,1103,1103,1103,1103,1103,1103,1103,1103,1103,1105,1105,1105,1105,1103,1103,1103,1105,1105,1105,1103,1103,1103,1103,1103,1103,1103,1103,1103,1103,1103,1103,1103,1103,1103,1103,1103,1103,1105,1105,1105,1105,1105,1105,1105,1105,1105,1105,1105,1105,1105,1105,1105,1105,1105,1103,1105,1105,1105,1105,1105,1105,1105,1105,1105,1105,1105,1103,1103,1103,1103,1103,1103,1103,1103,1103,1103,1103,1103,1103,1103,1103,1102,
1103,1103,1103,1103,1103,1103,1103,1103,1103,1103,1103,1103,1103,1103,1103,1103,1103,1103,1103,1103,1103,1105,1105,1105,1105,1105,1105,1105,1105,1105,1105,1103,1103,1103,1103,1103,1103,1103,1103,1103,1103,1103,1103,1103,1103,1103,1103,1103,1103,1103,1103,1103,1103,1103,1103,1103,1105,1105,1105,1105,1105,1105,1105,1105,1105,1105,1105,1105,1105,1105,1105,1105,1103,1105,1105,1105,1105,1105,1105,1105,1105,1105,1105,1103,1103,1103,1103,1103,1103,1103,1103,1103,1103,1103,1103,1103,1103,1103,1103,1102,
1103,1103,1103,1103,1103,1103,1103,1103,1103,1103,1103,1103,1103,1103,1103,1103,1103,1105,1105,1105,1105,1105,1105,1105,1105,1105,1105,1105,1105,1103,1103,1103,1103,1103,1103,1103,1103,1103,1103,1103,1103,1103,1103,1103,1103,1103,1103,1103,1103,1103,1103,1103,1103,1103,1103,1103,1103,1103,1105,1105,1105,1105,1105,1105,1105,1105,1105,1105,1105,1105,1105,1105,1103,1105,1105,1105,1105,1105,1105,1105,1105,1105,1103,1103,1103,1103,1103,1103,1103,1103,1103,1103,1103,1103,1103,1103,1103,1103,1103,1102,
1103,1103,1103,1103,1103,1103,1103,1103,1103,1103,1103,1103,1103,1103,1105,1105,1105,1105,1105,1105,1105,1105,1105,1105,1103,1103,1103,1103,1103,1103,1103,1103,1103,1103,1103,1103,1103,1103,1103,1103,1103,1103,1103,1103,1103,1103,1103,1103,1103,1103,1103,1103,1103,1103,1103,1103,1103,1103,1103,1103,1105,1105,1105,1105,1105,1105,1105,1105,1105,1105,1105,1105,1103,1105,1105,1105,1105,1105,1105,1105,1105,1103,1103,1103,1103,1103,1103,1103,1103,1103,1103,1103,1103,1103,1103,1103,1103,1103,1102,1102,
1103,1103,1103,1103,1103,1103,1103,1103,1103,1103,1103,1103,1103,1105,1105,1105,1105,1105,1105,1105,1103,1103,1103,1103,1103,1103,1103,1103,1103,1103,1103,1103,1103,1103,1103,1103,1103,1103,1103,1103,1103,1103,1103,1103,1103,1103,1103,1103,1103,1103,1103,1103,1103,1103,1103,1103,1103,1103,1103,1103,1103,1103,1103,1103,1103,1103,1103,1105,1105,1105,1105,1105,1103,1105,1105,1105,1105,1103,1103,1103,1103,1103,1103,1103,1103,1103,1103,1103,1103,1103,1103,1103,1103,1103,1103,1103,1103,1103,1102,1102,
1103,1103,1103,1103,1103,1103,1103,1103,1105,1105,1105,1105,1105,1105,1105,1105,1105,1103,1103,1103,1103,1103,1103,1103,1103,1103,1103,1103,1103,1103,1103,1103,1103,1103,1103,1103,1103,1103,1103,1103,1103,1103,1103,1103,1103,1103,1103,1103,1103,1103,1103,1103,1103,1103,1103,1103,1103,1103,1103,1103,1103,1103,1103,1103,1103,1103,1103,1103,1103,1103,1103,1103,1103,1103,1103,1103,1103,1103,1103,1103,1103,1103,1103,1103,1103,1103,1103,1103,1103,1103,1103,1103,1103,1103,1103,1103,1103,1103,1102,1102,
1103,1103,1103,1103,1105,1105,1105,1105,1105,1105,1105,1105,1105,1105,1105,1103,1103,1103,1103,1103,1103,1103,1103,1103,1103,1103,1103,1103,1103,1103,1103,1103,1103,1103,1103,1103,1103,1103,1103,1103,1103,1103,1103,1103,1103,1103,1103,1103,1103,1103,1103,1103,1103,1103,1103,1103,1103,1103,1103,1103,1103,1103,1103,1103,1103,1103,1103,1103,1103,1103,1103,1103,1103,1103,1103,1103,1103,1103,1103,1103,1103,1103,1103,1103,1103,1103,1103,1103,1103,1103,1103,1103,1103,1102,1102,1102,1102,1102,1102,1102,
1103,1103,1103,1105,1105,1105,1105,1105,1105,1105,1103,1103,1103,1103,1103,1103,1103,1103,1103,1103,1103,1103,1103,1103,1103,1103,1103,1103,1103,1103,1103,1103,1103,1103,1103,1103,1103,1103,1103,1103,1103,1103,1103,1103,1103,1103,1103,1103,1103,1103,1103,1103,1103,1103,1103,1103,1103,1103,1103,1103,1103,1103,1103,1103,1103,1103,1103,1103,1103,1103,1103,1103,1103,1103,1103,1103,1103,1103,1103,1103,1103,1103,1103,1103,1103,1103,1103,1103,1103,1103,1103,1103,1103,1102,1102,1102,1102,1102,1102,1102,
1105,1105,1105,1105,1105,1105,1105,1105,1103,1103,1103,1103,1103,1103,1103,1103,1103,1103,1103,1103,1103,1103,1103,1103,1103,1103,1103,1103,1103,1103,1103,1103,1103,1103,1103,1103,1103,1103,1103,1103,1103,1103,1103,1103,1103,1103,1103,1103,1103,1103,1103,1103,1103,1103,1103,1103,1103,1103,1103,1103,1103,1103,1103,1103,1103,1103,1103,1103,1103,1103,1103,1103,1103,1103,1103,1103,1103,1103,1103,1103,1103,1103,1103,1103,1103,1103,1103,1103,1102,1102,1102,1102,1102,1102,1102,1102,1102,1102,1102,1102,
1105,1105,1105,1105,1103,1103,1103,1103,1103,1103,1103,1103,1103,1103,1103,1103,1103,1103,1103,1103,1103,1103,1103,1103,1103,1103,1103,1103,1103,1103,1103,1103,1103,1103,1103,1103,1103,1103,1103,1103,1103,1103,1103,1103,1103,1103,1103,1103,1103,1103,1103,1103,1103,1103,1103,1103,1103,1103,1103,1103,1103,1103,1103,1103,1103,1103,1103,1103,1103,1103,1103,1103,1103,1103,1103,1103,1103,1103,1103,1103,1103,1103,1103,1103,1103,1103,1103,1103,1102,1102,1102,1102,1102,1102,1102,1102,1102,1102,1102,1102

[layer]
type=bg1
data=
706,706,706,706,706,706,706,706,706,706,706,706,706,706,706,706,706,706,706,706,706,706,706,706,706,706,706,706,706,706,706,706,706,706,706,706,706,706,706,706,706,706,706,706,706,706,706,706,706,706,706,706,706,706,706,706,706,706,5037,5008,5008,5008,5008,5008,5008,5008,5008,5008,5008,5008,5008,5008,5008,5008,5008,5008,5008,5008,5008,5008,5008,5008,5008,5008,5008,5008,5008,5008,5008,5008,5008,5008,5008,5008,5008,5008,5008,5008,5008,5008,
706,706,706,706,706,706,706,706,706,706,706,706,706,706,706,706,706,706,706,706,706,706,706,706,706,706,706,706,706,706,706,706,706,706,706,706,706,706,706,706,706,706,706,706,706,706,706,706,706,706,706,706,706,706,706,706,706,706,5037,5008,5008,5008,5008,5008,5008,5008,5008,5008,5008,5008,5008,5008,5008,5008,5008,5008,5008,5008,5008,5008,5008,5008,5008,5008,5008,5008,5008,5008,5008,5008,5008,5008,5008,5008,5008,5008,5008,5008,5008,5008,
706,706,706,706,706,706,706,706,706,706,706,706,706,706,706,706,706,706,706,706,706,706,706,706,706,706,706,706,706,706,706,706,706,706,706,706,706,706,706,706,706,706,706,706,706,706,706,706,706,706,706,706,706,706,706,706,706,706,5037,5008,5008,5008,5008,5008,5008,5008,5008,5008,5008,5008,5008,5008,5008,5008,5008,5008,5008,5008,5008,5008,5008,5008,5008,5008,5008,5008,5008,5008,5008,5008,5008,5008,5008,5008,5008,5008,5008,5008,5008,5008,
706,706,706,706,706,706,706,706,706,706,706,706,706,706,706,706,706,706,706,706,706,706,706,706,706,706,706,706,706,706,706,706,706,296,298,706,706,706,706,706,706,706,706,706,706,706,706,706,706,706,706,706,706,706,706,706,706,706,5037,5008,5008,5008,5008,5008,5008,5008,5008,5008,5008,5008,5008,5008,5008,5008,5008,5008,5008,5008,5008,5008,5008,5008,5008,5008,5008,5008,5008,5008,5008,5008,5008,5008,5008,5008,5008,5008,5008,5008,5008,5008,
706,706,706,706,706,706,706,706,706,706,706,706,706,706,706,706,706,706,706,706,706,706,706,706,706,706,706,706,706,706,706,706,296,329,329,297,298,706,299,706,706,706,706,706,706,706,706,706,706,706,706,706,706,706,706,706,706,706,5069,5006,5006,5006,5006,5007,5008,5008,5008,5008,5008,5008,5008,5008,5008,5008,5008,5008,5008,5008,5008,5008,5008,5008,5008,5008,5008,5008,5008,5008,5008,5008,5008,5008,5008,5008,5008,5008,5008,5008,5008,5008,
706,706,706,706,706,706,706,706,706,706,706,706,706,706,706,706,706,706,706,706,706,706,706,706,706,706,706,706,706,706,706,706,329,329,329,329,329,297,329,297,298,706,296,298,706,706,706,706,706,706,706,706,706,296,297,297,298,706,706,706,706,706,706,5037,5008,5008,5008,5008,5008,5008,5008,5008,5008,5008,5008,5008,5008,5008,5008,5008,5008,5008,5008,5008,5008,5008,5008,5008,5008,5008,5008,5008,5008,5008,5008,5008,5008,5008,5008,5008,
706,706,706,706,706,706,706,706,706,706,706,706,706,706,706,706,706,706,706,706,706,706,706,706,706,706,706,706,706,706,706,296,329,329,329,329,329,329,329,329,329,329,329,329,298,706,706,706,706,706,706,706,706,328,329,329,330,706,706,706,706,706,706,5037,5008,5008,5008,5008,5008,5008,5008,5008,5008,5008,5008,5008,5008,5008,5008,5008,5008,5008,5008,5008,5008,5008,5008,5008,5008,5008,5008,5008,5008,5008,5008,5008,5008,5008,5008,5008,
706,706,706,706,706,706,706,706,706,706,706,706,706,706,706,706,706,706,706,706,706,706,706,706,706,706,706,706,706,706,706,328,329,329,329,329,329,329,329,329,329,329,329,329,330,706,706,706,706,706,706,706,706,328,329,329,330,706,783,784,785,706,706,5069,5006,5006,5006,5007,5008,5008,5008,5008,5008,5008,5008,5008,5008,5008,5008,5008,5008,5008,5008,5008,5008,5008,5008,5008,5008,5008,5008,5008,5008,5008,5008,5008,5008,5008,5008,5008,
706,706,706,706,706,706,706,706,706,706,706,706,706,706,706,706,706,706,706,706,706,706,706,706,706,706,706,706,706,706,706,328,329,329,329,329,329,329,329,329,329,329,329,329,330,706,706,706,706,783,784,785,706,328,329,361,362,706,815,816,817,706,706,706,706,706,706,5037,5008,5008,5005,5006,1040,5006,5007,5008,5008,5008,5008,5008,5008,5008,5008,5008,5008,5008,5008,5008,5008,5008,5008,5008,5008,5008,5008,5008,5008,5008,5008,5008,
706,706,706,706,706,706,706,706,706,706,706,706,706,706,706,706,706,706,706,706,706,706,706,706,706,706,706,706,706,706,301,328,329,329,329,329,329,329,329,329,329,329,329,329,330,706,783,784,784,787,816,817,706,328,330,706,783,784,787,816,817,706,706,706,706,706,308,5069,5006,5006,5071,367,368,336,5037,5008,5008,5008,5008,5008,5008,5008,5008,5008,5008,5008,5008,5008,5008,5008,5008,5008,5008,5008,5008,5008,5008,5008,5008,5008,
706,706,706,706,706,706,706,706,706,706,706,706,706,706,706,706,706,706,706,706,706,706,706,706,706,706,706,706,706,301,706,360,329,329,329,329,329,329,329,329,329,329,329,329,330,706,815,816,816,816,816,817,706,328,330,706,815,816,973,816,789,784,784,785,706,706,706,706,335,336,337,706,706,367,5037,5008,5008,5008,5008,5008,5008,5008,5008,5008,5008,5008,5008,5008,5008,5008,5008,5008,5008,5008,5008,5008,5008,5008,5008,5008,
706,706,706,706,706,706,706,706,706,706,706,706,706,706,706,706,706,706,706,706,706,706,706,706,706,706,706,706,706,706,706,706,360,361,361,329,329,329,329,329,329,329,329,329,330,706,815,816,816,968,970,817,706,360,362,706,815,816,816,816,816,816,816,817,706,706,706,706,367,368,369,306,308,706,5037,5008,5008,5008,5008,5008,5008,5008,5008,5008,5008,5008,5008,5008,5008,5008,5008,5008,5008,5008,5008,5008,5008,5008,5008,5008,
706,706,706,706,706,706,706,706,706,706,706,706,706,706,706,706,706,706,706,706,706,706,706,706,706,706,706,706,706,706,301,706,308,706,706,360,361,361,361,361,361,329,329,329,330,706,847,851,816,1032,1034,817,706,706,706,706,815,968,969,969,970,816,816,789,784,784,784,784,785,706,706,338,706,706,5037,5008,5008,5008,5008,5008,5008,5008,5008,5008,5008,5008,5008,5008,5008,5008,5008,5008,5008,5008,5008,5008,5008,5008,5008,5008,
706,706,706,706,706,706,706,706,706,706,706,706,706,706,706,706,706,706,706,706,706,706,706,706,706,706,706,706,706,706,706,706,706,303,304,305,706,706,706,306,706,360,329,329,330,706,706,847,848,848,848,849,706,706,706,783,787,1000,1001,1001,1002,816,816,816,816,816,816,816,817,706,706,370,706,296,5069,5006,5073,5073,5073,5073,5042,5008,5008,5008,5008,5008,5008,5008,5008,5008,5008,5008,5008,5008,5008,5008,5008,5008,5008,5008,
706,706,706,706,706,706,706,706,706,706,706,706,706,706,706,706,706,706,706,706,706,706,706,706,706,706,706,706,706,706,303,304,304,336,336,336,304,304,305,370,706,706,328,329,330,706,706,706,706,706,706,706,706,706,706,815,816,1032,1033,1033,1034,816,816,816,1004,1006,816,816,817,706,706,299,706,328,329,329,329,329,329,329,5037,5008,5008,5008,5008,5008,5008,5008,5008,5008,5008,5008,5008,5008,5008,5008,5008,5008,5008,5008,
706,706,706,706,706,706,706,706,706,706,706,706,706,706,706,706,706,706,706,706,706,706,706,706,706,706,706,706,706,706,335,336,336,336,336,336,336,336,337,706,706,706,328,329,329,298,706,706,706,706,706,706,706,706,706,815,816,816,816,816,816,816,816,816,816,816,816,816,817,706,296,329,297,329,329,329,329,329,329,329,5037,5008,5008,5008,5008,5008,5008,5008,5008,5008,5008,5008,5008,5008,5008,5008,5008,5008,5008,5008,
706,706,706,706,706,706,706,706,706,706,706,706,706,706,706,706,706,706,706,706,706,706,706,706,706,706,706,706,706,706,367,336,336,336,336,336,336,336,337,706,706,706,328,329,329,329,297,297,297,298,706,706,706,706,706,847,848,848,848,848,848,848,848,848,848,848,848,848,849,706,328,329,329,329,329,329,329,329,329,329,5069,5073,5073,5073,5073,5073,5042,5008,5008,5008,5008,5008,5008,5008,5008,5008,5008,5008,5008,5008,
706,706,706,706,706,706,706,706,706,706,706,706,706,706,706,706,706,706,706,706,706,706,706,706,706,706,706,706,706,706,706,367,336,336,336,336,336,336,337,706,706,706,360,329,329,361,361,361,361,362,706,706,706,706,706,706,706,706,706,706,706,706,706,706,706,706,706,706,706,296,329,329,329,329,329,329,329,329,329,329,329,329,329,329,329,706,5037,5008,5008,5008,5008,5008,5008,5008,5008,5008,5008,5008,5008,5008,
706,706,706,706,706,706,706,706,706,706,706,706,706,706,706,706,706,706,706,706,706,706,706,706,706,706,706,706,706,706,706,706,335,336,336,336,336,336,369,706,706,706,706,360,362,706,706,706,706,706,706,706,706,706,706,706,706,706,706,706,706,706,706,706,706,706,296,297,297,329,329,329,329,329,329,329,329,329,329,329,329,329,329,329,329,706,5037,5008,5008,5008,5008,5008,5008,5008,5008,5008,5008,5008,5008,5008,
706,706,706,706,706,706,706,706,706,706,706,706,706,706,706,706,706,706,706,706,706,706,706,706,706,706,706,706,706,706,706,706,367,368,368,368,368,369,706,706,706,706,706,706,706,706,706,706,706,706,706,706,706,706,706,706,706,706,706,706,706,706,706,706,706,296,329,329,329,329,329,329,329,329,329,329,329,329,329,329,329,329,329,329,329,706,5037,5008,5008,5008,5008,5008,5008,5008,5008,5008,5008,5008,5008,5008,
706,706,706,706,706,706,706,706,706,706,706,706,706,706,706,706,706,706,706,706,706,706,706,706,706,706,706,706,706,706,706,706,706,706,706,706,706,706,706,706,706,706,706,4612,4612,4612,4612,4612,4612,4612,4612,4612,706,706,706,706,706,706,706,706,706,706,706,706,706,360,329,329,329,329,329,329,329,329,329,329,329,329,329,329,329,329,329,329,329,706,5069,5073,5073,5073,5042,5008,5008,5008,5008,5008,5008,5008,5008,5008,
706,706,706,706,706,706,706,706,706,706,706,706,706,706,706,706,706,706,706,706,706,706,706,706,706,706,706,706,706,706,706,706,706,706,706,706,706,706,706,706,706,706,706,4612,4612,4612,4612,4612,4612,4612,4612,4612,706,706,706,706,706,706,706,706,706,706,706,706,706,706,328,329,329,329,329,329,329,329,329,329,329,329,329,329,329,329,329,329,329,706,706,706,706,706,5069,5073,5073,5073,5073,5042,5008,5008,5008,5008,
706,706,706,706,706,706,706,706,706,706,706,706,706,706,706,706,706,706,706,706,706,706,706,706,706,706,706,706,706,706,706,706,706,706,1057,1058,1058,1059,706,706,706,706,706,4610,4610,4610,4610,4610,4610,4610,4610,4610,706,706,706,706,706,706,706,706,706,706,706,706,706,706,360,361,361,361,361,361,361,361,361,361,329,329,329,329,329,329,329,329,329,329,706,706,706,706,706,706,706,706,706,5037,5008,5008,5008,5008,
706,706,706,706,706,706,706,706,706,706,706,706,706,706,706,706,706,706,706,706,706,706,706,706,706,706,706,706,706,706,706,706,706,706,1089,1090,1090,1091,1057,1059,706,706,706,4612,4612,4612,4612,4612,706,1040,706,706,706,706,706,706,706,706,706,706,706,706,706,706,706,706,706,706,706,706,706,706,706,706,706,706,706,329,329,329,329,329,329,329,329,329,706,706,706,706,706,706,706,296,297,5037,5008,5008,5008,5008,
706,706,706,706,706,706,706,706,706,706,706,706,706,706,706,706,706,706,706,706,706,706,706,706,706,706,706,706,706,706,706,706,706,706,1089,1090,1090,1091,1089,1091,706,706,706,4612,4612,4612,4612,4612,706,708,706,706,706,706,706,706,706,706,706,706,706,706,706,1601,1602,1602,1602,1602,1602,1602,1602,1602,1602,1602,1602,1603,706,706,706,706,329,329,329,329,329,329,706,706,706,706,706,706,706,328,329,5069,5073,5073,5073,5006,
706,706,706,706,706,706,706,706,706,706,706,706,706,706,706,706,706,706,706,706,706,706,706,706,706,706,706,706,706,706,706,706,706,706,1089,1090,1090,1091,1089,1091,706,706,706,706,706,706,706,706,706,708,706,706,706,706,706,706,706,706,706,706,706,706,706,1633,1634,1634,1634,1634,1634,1634,1634,1634,1634,1634,1634,1608,1602,1603,706,706,706,706,329,329,329,329,706,706,706,706,706,706,706,328,329,329,329,329,329,329,
706,706,706,706,706,706,706,706,706,706,706,706,706,706,706,706,706,706,706,706,706,706,706,706,706,706,706,706,706,706,706,706,706,706,1089,1090,1090,1091,1089,1091,706,706,706,706,706,706,706,706,706,708,706,706,706,706,706,706,706,706,706,706,706,706,1601,1606,1634,1634,1634,1634,1634,1634,1634,1634,1634,1634,1634,1634,1570,1608,1602,1602,1603,706,706,706,706,706,706,706,706,706,706,706,706,328,329,329,329,329,329,329,
706,706,706,706,706,706,706,706,706,706,706,706,706,706,706,706,706,706,706,706,706,706,706,706,706,706,706,706,706,706,706,706,706,706,1121,1122,1122,1123,1121,1123,706,706,706,706,706,706,673,710,710,739,706,706,706,706,706,706,706,706,706,706,1601,1602,1606,1570,1634,1634,1634,1634,1634,1634,1634,1634,1634,1634,1634,1634,1570,1570,1570,1570,1608,1602,1603,706,706,706,706,706,706,706,706,706,706,328,329,329,329,329,329,329,
706,706,706,706,706,706,706,706,706,706,706,706,706,706,706,706,706,706,706,706,706,706,706,706,706,706,706,706,706,706,706,706,706,706,706,706,706,706,706,706,706,706,706,706,706,706,708,706,706,706,706,706,706,706,706,706,706,1601,1602,1602,1606,1570,1570,1570,1634,1634,1634,1634,1634,1634,1634,1634,1634,1634,1634,1634,1570,1570,1570,1570,1570,1570,1635,706,706,706,706,706,706,706,706,706,706,328,329,329,329,329,329,329,
706,706,706,706,706,706,706,706,706,706,706,706,706,706,706,706,706,706,706,706,706,706,706,706,706,706,706,706,706,706,706,706,706,706,706,706,706,706,706,706,706,706,706,706,706,706,708,706,706,706,706,706,706,1601,1602,1602,1602,1606,1570,1570,1570,1570,1570,1570,1634,1634,1634,1634,1634,1634,1634,1634,1634,1634,1634,1634,1570,1570,1570,1570,1570,1570,1608,1602,1603,706,706,706,706,706,706,706,706,360,361,361,329,329,329,329,
706,706,706,706,706,706,706,706,706,706,706,706,706,706,706,706,706,706,706,706,706,706,706,706,706,706,706,706,706,706,706,706,706,706,706,706,706,706,706,706,706,706,706,706,706,706,708,706,706,706,706,706,706,1633,1570,1570,1570,1570,1570,1570,1570,1570,1570,1570,1570,1570,1570,1570,1570,1570,1570,1570,1570,1570,1570,1570,1570,1570,1570,1570,1570,1570,1570,1570,1608,1603,706,706,706,706,706,706,706,706,706,706,328,329,329,329,
706,706,706,706,706,706,706,706,706,706,706,706,706,706,706,706,706,706,706,706,706,706,706,706,706,706,706,706,706,706,706,706,706,706,706,673,710,710,710,710,710,710,710,710,710,710,739,706,706,706,706,706,1601,1606,1570,1570,1570,1570,1570,1570,1570,1570,1570,1570,1570,1570,1570,1570,1570,1570,1570,1570,1570,1570,1570,1570,1570,1570,1570,1570,1570,1570,1570,1570,1570,1635,706,706,706,706,706,706,706,706,706,706,360,329,329,329,
706,706,706,706,706,706,706,706,706,706,706,706,706,706,706,706,706,706,706,706,706,706,706,706,706,706,706,706,706,706,706,706,706,706,673,739,706,706,706,706,706,706,706,706,706,706,706,706,706,706,706,1601,1606,1570,1570,1570,1570,1570,1570,1570,1570,1570,1570,1570,1570,1570,1570,1570,1570,1570,1570,1570,1570,1570,1570,1570,1570,1570,1570,1570,1570,1570,1570,1570,1570,1608,1603,706,706,706,706,706,706,706,706,706,706,360,329,329,
706,706,706,706,706,706,706,706,706,706,706,706,706,706,706,706,706,706,706,706,706,706,706,706,706,706,706,706,706,706,706,706,706,706,708,706,706,706,706,706,706,706,706,706,706,706,706,706,706,706,1601,1606,1570,1570,1570,1570,1570,1570,1570,1570,1570,1570,1570,1570,1570,1570,1570,1570,1570,1570,1570,1570,1570,1570,1570,1570,1570,1570,1570,1570,1570,1570,1570,1570,1570,1570,1608,1603,706,706,706,706,706,706,706,706,706,706,360,361,
706,706,706,706,706,706,706,706,706,706,706,706,706,706,706,706,706,706,706,706,706,706,706,706,706,706,706,706,706,706,706,706,706,706,708,706,706,706,706,706,706,706,706,706,706,706,706,706,706,1601,1606,1570,1570,1570,1570,1570,1570,1570,1570,1570,1570,1570,1570,1570,1570,1570,1570,1570,1570,1570,1570,1570,1570,1570,1570,1570,1570,1570,1570,1570,1570,1570,1570,1570,1570,1570,1570,1608,1603,706,706,706,706,706,706,706,706,706,706,706,
297,297,297,297,297,297,706,706,706,706,706,706,706,706,706,706,706,706,706,706,706,706,706,706,706,706,706,706,706,706,706,706,706,706,708,706,706,706,706,706,706,706,706,706,706,706,706,706,706,1633,1570,1570,1570,1570,1570,1570,1570,1570,1570,1570,1570,1570,1570,1570,1570,1570,1570,1570,706,706,706,706,706,706,706,1570,1570,1570,1570,1570,1570,1570,1570,1570,1570,1570,1570,1570,1608,1603,706,706,706,706,706,706,706,706,1601,1602,
329,329,329,329,329,329,297,298,706,706,706,706,706,706,706,706,706,706,706,706,706,706,706,706,706,706,706,706,706,706,706,706,706,706,708,706,706,706,706,706,706,706,706,706,706,706,706,706,706,1633,1570,1570,1570,1570,1570,1570,1570,1570,1570,1570,1570,1570,1570,1570,1570,1570,706,706,706,706,706,706,706,706,706,706,1633,1570,1570,1570,1570,1570,1570,1570,1570,1570,1570,1570,1570,1635,706,706,706,706,706,706,706,706,1633,1634,
329,329,329,329,329,329,329,329,298,706,706,706,706,706,706,706,706,706,706,706,706,706,706,706,706,706,706,706,706,706,706,706,706,706,708,706,706,706,706,706,706,706,706,706,706,706,706,706,1601,1606,1570,1570,1570,1570,1570,1570,1570,1570,1570,1570,1570,1570,1570,1570,1570,706,706,706,706,706,673,674,674,675,706,706,1633,1570,1570,1570,1570,1570,1570,1570,1570,1570,1570,1570,1570,1635,706,706,706,706,706,706,706,706,1633,1634,
329,329,329,329,329,329,329,329,329,297,298,706,706,706,706,706,706,706,706,706,706,706,706,706,706,706,706,706,706,706,706,706,706,706,708,706,706,706,706,706,706,706,706,706,706,706,706,1601,1606,1570,1570,1570,1570,1570,1570,1570,1570,1570,1570,1570,1570,1570,1570,1635,706,706,706,673,674,674,706,706,706,707,706,706,1633,1570,1570,1570,1570,1570,1570,1570,1570,1570,1570,1570,1570,1635,706,706,706,706,706,706,706,706,1633,1634,
329,329,329,329,329,329,329,329,329,329,329,297,297,298,706,706,706,706,706,706,706,706,706,706,706,706,706,706,706,706,706,706,706,706,708,706,706,706,706,706,706,706,706,706,706,706,1601,1606,1570,1570,1570,1570,1570,1570,1570,1570,1570,1570,1570,1570,1570,1570,1570,1635,706,706,706,705,706,706,706,706,706,707,706,706,1633,1570,1570,1570,1570,1570,1570,1570,1570,1570,1570,1570,1570,1635,297,298,706,706,296,297,1601,1602,1606,1634,
329,329,329,329,329,329,329,329,329,329,329,329,329,330,706,706,706,706,706,706,706,706,706,706,706,706,706,706,706,706,706,706,673,710,739,706,706,706,706,706,706,706,706,706,706,706,1633,1570,1570,1570,1570,1570,1570,1570,1570,1570,1570,1570,1570,1570,1570,1570,1570,1635,706,706,706,705,706,706,706,706,706,707,706,1601,1606,1570,1570,1570,1570,1570,1570,1570,1570,1570,1570,1570,1570,1635,329,330,706,706,328,329,1633,1634,1634,1634,
329,329,329,329,329,329,329,329,329,329,329,329,329,330,706,706,706,706,706,706,706,706,706,706,706,706,706,706,706,706,706,706,708,706,706,706,706,706,706,706,706,706,706,706,706,1601,1606,1570,1570,1570,1570,1570,1570,1570,1570,1570,1570,1570,1570,1570,1570,1570,1570,1635,706,706,706,737,738,738,738,738,706,739,706,1633,1570,1570,1570,1570,1570,1570,1570,1570,1570,1570,1570,1570,1635,329,329,330,706,706,328,329,1633,1634,1634,1634,
329,329,329,329,329,329,329,329,329,329,329,329,329,330,706,706,706,706,706,706,706,706,706,706,706,706,706,706,706,706,706,706,708,706,706,706,706,706,706,706,706,706,706,706,706,1633,1570,1570,1570,1570,1570,1570,1570,1570,1570,1570,1570,1570,1570,1570,1570,1570,1570,1635,706,706,706,706,706,706,706,706,708,706,1601,1606,1570,1570,1570,1570,1570,1570,1570,1570,1570,1570,1570,1570,1608,1602,1602,1602,712,714,1602,1602,1606,1634,1634,1634,
329,329,329,329,329,329,329,329,329,329,329,329,329,330,706,706,706,706,706,706,706,706,706,706,706,706,706,706,706,706,706,706,708,706,706,706,706,706,706,706,706,706,706,706,1601,1606,1570,1570,1570,1570,1570,1570,1570,1570,1570,1570,1570,1570,1570,1570,1570,1570,1570,1608,1603,706,706,706,706,706,706,706,708,706,1633,1570,1570,1570,1570,1570,1570,1570,1570,1570,1570,1570,1570,1570,1634,1634,1634,1634,712,714,1634,1634,1634,1634,1634,1634,
329,329,329,329,329,329,329,329,329,329,329,329,329,362,706,706,706,706,706,706,706,706,706,706,706,706,706,706,706,706,706,706,708,706,706,706,706,706,706,706,706,706,706,1601,1606,1570,1570,1570,1570,1570,1570,1570,1570,1570,1570,1570,1570,1570,1570,1570,1570,1570,1570,1570,1608,1602,1602,1602,1602,1602,1602,1602,715,1602,1606,1570,1570,1570,1570,1570,1570,1570,1570,1570,1570,1570,1570,1570,1635,329,329,330,706,706,328,329,1633,1634,1634,1634,
329,329,329,329,329,329,329,329,329,329,329,362,706,706,706,706,706,706,706,706,706,706,706,706,706,706,706,706,706,706,706,706,708,706,706,706,706,706,706,706,706,1601,1602,1606,1570,1570,1570,1570,1570,1570,1570,1570,1570,1570,1570,1570,1570,1570,1570,1570,1570,1570,1570,1570,1570,1570,1570,1570,1570,1570,1570,1570,715,1570,1570,1570,1570,1570,1570,1570,1570,1570,1570,1570,1570,1570,1570,1570,1635,329,329,330,706,706,328,329,329,329,329,329,
329,329,329,329,329,329,329,329,329,329,330,706,706,706,706,706,706,706,706,706,706,706,706,706,706,706,706,706,706,706,706,706,708,706,706,706,706,706,706,1601,1602,1606,1570,1570,1570,1570,1635,706,706,706,706,706,1633,1570,1570,1570,1570,1570,1570,1570,1570,1570,1570,1570,1570,1570,1570,1570,1570,1570,1570,1570,715,1570,1570,1570,1570,1570,1570,1570,1570,1570,1570,1570,1570,1570,1570,1635,329,329,329,362,706,706,328,329,329,329,329,329,
329,329,329,329,329,329,329,329,329,329,362,706,706,706,706,706,706,706,706,706,706,706,706,706,706,706,706,706,706,706,706,706,708,706,706,706,706,1601,1602,1606,1570,1570,1635,706,706,706,706,706,706,706,706,706,1633,1570,1570,1570,1570,1570,1570,1570,1570,1570,1570,1570,1570,1570,1570,1570,1570,1570,1570,1570,715,1570,1570,1570,1570,1570,1570,1570,1570,1570,1570,1570,1570,1570,1635,329,329,329,330,706,706,296,329,329,329,329,329,329,
329,329,329,329,329,329,329,329,329,362,706,706,706,706,706,706,706,706,706,706,706,706,706,706,706,706,706,706,706,706,706,673,706,675,1601,1602,1602,1606,1570,1570,1635,706,706,706,706,706,706,706,706,706,706,706,1633,1570,1570,1570,1570,1570,1570,1570,1570,1570,1570,1570,1570,1570,1570,1570,1570,1570,1570,1570,715,1570,1570,1570,1570,1570,1570,1570,1570,1570,1570,1570,1570,1570,1635,329,329,329,330,706,706,328,329,329,329,329,329,329,
329,329,329,329,329,329,329,361,362,706,706,706,706,706,706,706,706,706,706,706,706,706,706,706,706,706,706,706,706,1601,1602,712,713,714,1606,1570,1570,1570,1635,706,706,706,706,706,706,706,706,706,706,706,706,706,706,706,1633,1570,1570,1570,1570,1570,1570,1570,1570,1570,1570,1570,1570,1570,1570,1570,1570,1570,715,1570,1570,1570,1570,1570,1570,1570,1570,1570,1570,1570,1635,329,329,329,329,329,330,706,706,328,329,329,329,329,329,329,
329,329,329,329,361,361,362,706,706,706,706,706,706,706,706,706,706,706,706,706,706,706,706,706,706,706,706,1601,1602,1606,1570,712,713,714,1570,1570,1635,706,706,706,706,706,706,706,706,706,706,706,706,706,706,706,706,706,706,1633,1570,1570,1570,1570,1570,1570,1570,1570,1570,1570,1570,1570,1570,1570,1570,1570,715,1570,1570,1570,1570,1570,1570,1570,1570,1570,1570,1635,329,329,329,361,361,361,362,706,706,328,329,329,329,329,329,329,
329,329,329,362,706,706,706,706,706,706,706,706,706,706,706,706,706,706,706,706,706,1601,1602,1602,1602,1602,1602,1606,1570,1570,1570,712,713,714,706,706,706,706,706,706,706,706,706,706,706,706,706,706,706,706,706,706,706,706,706,706,1633,1570,1570,1570,1570,1570,1570,1570,1570,1570,1570,1570,1570,1570,1570,1570,715,1570,1570,1570,1570,1570,1570,1570,1570,1570,1635,329,329,329,330,706,706,706,706,706,706,328,329,329,329,329,329,329,
361,362,706,706,706,706,706,706,706,706,706,706,706,706,706,706,706,1601,1602,1602,1602,1606,1570,1570,1570,1570,1570,1570,1635,706,706,737,706,739,706,706,706,706,706,706,706,706,706,706,706,706,706,706,706,706,706,706,706,706,706,706,706,706,1633,1570,1570,1570,1570,1570,1570,1570,1570,1570,1570,1570,1570,1570,715,1570,1570,1570,1570,1570,1570,1570,1570,1635,361,361,361,361,362,706,706,706,706,706,706,360,329,329,329,329,329,329,
706,706,706,706,706,706,706,706,706,706,706,706,706,706,1601,1602,1602,1606,1570,1570,1570,1570,1570,1635,706,706,706,706,706,706,706,706,705,737,706,706,706,706,706,706,706,706,706,706,706,706,706,706,783,784,784,785,706,706,706,706,706,706,706,706,1633,1570,1570,1570,1570,1570,1570,1570,1570,1570,1570,1570,715,1570,1570,1570,1570,1570,1570,1570,1635,706,706,706,706,706,706,706,706,706,706,706,706,706,328,329,329,329,329,329,
706,706,706,706,706,706,706,706,706,706,706,706,706,1601,1606,1570,1570,1570,1570,1635,706,706,706,706,706,706,706,706,706,706,706,706,737,707,706,706,706,706,706,706,706,706,706,706,706,706,783,784,787,816,816,789,784,784,784,785,706,706,706,706,706,706,706,706,706,706,706,1633,1570,1570,1570,1570,715,1570,1570,1570,1635,706,706,706,706,706,706,706,706,706,706,706,706,706,706,706,706,706,328,329,329,329,329,329,
706,706,706,706,706,706,706,706,1601,1602,1602,1602,1602,1606,1570,1570,1635,706,706,706,706,706,706,706,706,706,706,706,706,706,706,706,706,737,710,710,710,710,675,706,706,706,706,706,783,784,787,816,816,816,816,816,816,816,816,789,785,706,706,706,706,706,706,706,706,706,706,706,706,706,706,706,708,706,706,706,706,706,706,706,706,706,706,706,706,706,706,706,706,706,706,706,706,706,328,329,329,329,329,329,
706,706,706,706,1601,1602,1602,1602,1606,1570,1570,1570,1570,1570,1635,706,706,706,706,706,706,706,706,706,706,706,706,706,706,706,706,706,706,706,706,706,706,706,737,710,710,710,710,783,787,816,816,816,816,816,816,816,816,816,816,816,789,784,784,784,785,706,706,706,706,706,706,706,706,706,706,706,708,706,706,706,706,706,706,706,706,706,706,706,706,706,706,706,706,706,706,706,706,706,328,329,329,329,329,329,
706,706,706,1601,1606,1570,1570,1570,1570,1635,706,706,706,706,706,706,706,706,706,706,706,706,706,706,706,706,706,706,706,706,706,706,706,706,706,706,706,706,706,706,706,706,706,815,816,816,816,816,816,816,816,816,816,816,816,816,816,816,816,816,816,785,710,710,710,710,710,710,710,710,710,710,739,706,706,706,706,706,706,706,706,706,706,706,706,706,706,706,706,706,706,706,706,706,328,329,329,329,329,329,
1602,1602,1602,1606,1570,1570,1570,1635,706,706,706,706,706,706,706,706,706,706,706,706,706,706,706,706,706,706,706,706,706,706,706,706,706,706,706,706,706,706,706,706,706,706,783,787,816,816,816,816,816,816,816,816,816,816,816,816,816,816,816,816,816,789,784,784,784,785,706,706,706,706,706,706,706,706,706,706,706,706,706,706,706,706,706,706,706,706,706,706,706,706,706,706,706,706,328,329,329,329,329,329,
1570,1570,1570,1635,706,706,706,706,706,706,706,706,706,706,706,706,706,706,706,706,706,706,706,706,706,706,706,706,706,706,706,706,706,706,706,706,706,706,706,706,706,706,815,816,816,816,816,816,816,816,816,816,816,816,816,816,816,816,816,816,816,816,816,816,816,789,785,706,706,706,706,706,706,706,706,706,706,706,706,706,706,706,706,706,706,706,706,706,706,706,706,706,706,706,328,329,329,329,329,329

[layer]
type=bg2
data=
3394,3394,3394,3394,3394,3394,3394,3394,3394,3394,3394,3394,3394,3394,3394,3394,3394,3394,3394,3394,3394,3394,3394,3394,3394,3394,3394,3394,3394,3394,3394,3394,3394,3394,3394,3394,3394,3394,3394,3394,3394,3394,3394,3394,3394,3394,3394,3394,3394,3394,3394,3394,3394,3394,3394,3394,3394,3395,0,0,0,0,0,0,0,0,0,0,0,0,0,0,0,0,0,0,0,0,0,0,0,0,0,0,0,0,0,0,0,0,0,0,0,0,0,0,0,0,0,0,
3394,3394,3394,3394,3394,3394,3394,3394,3394,3394,3394,3394,3394,3394,3394,3394,3394,3394,3394,3394,3394,3394,3394,3394,3394,3394,3394,3394,3394,3394,3394,3365,3426,3426,3426,3366,3394,3394,3394,3394,3394,3394,3394,3394,3394,3394,3394,3394,3394,3394,3394,3394,3394,3394,3394,3394,3394,3395,0,0,0,0,0,0,0,0,0,0,0,0,0,0,0,0,0,0,0,0,0,0,0,0,0,0,0,0,0,0,0,0,0,0,0,0,0,0,0,0,0,0,
3394,3394,3394,3394,3394,3394,3394,3394,3394,3394,3394,3394,3394,3394,3394,3394,3394,3394,3394,3394,3394,3394,3394,3394,3394,3394,3394,3394,3394,3394,3365,3427,1685,0,0,3425,3426,3426,3426,3426,3366,3394,3365,3426,3426,3366,3394,3394,3394,3394,3394,3394,3394,3394,3365,3426,3426,3427,0,0,0,0,0,0,0,0,0,0,0,0,0,0,0,0,0,0,0,0,0,0,0,0,0,0,0,0,0,0,0,0,0,0,0,0,0,0,0,0,0,0,
3394,3394,3394,3394,3394,3394,3394,3394,3394,3394,3394,3394,3394,3394,3394,3394,3394,3394,3394,3394,3394,3394,3394,3394,3394,3394,3394,3394,3394,3365,3427,0,0,0,0,0,0,0,1686,0,3425,3426,3427,0,0,3393,3394,3394,3394,3394,3365,3426,3426,3426,3427,0,0,0,0,0,0,0,0,0,0,0,0,0,0,0,0,0,0,0,0,0,0,0,0,0,0,0,0,0,0,0,0,0,0,0,0,0,0,0,0,0,0,0,0,0,
3394,3394,3394,3394,3394,3394,3394,3394,3394,3394,3394,3394,3394,3394,3394,3394,3394,3394,3394,3394,3394,3394,3394,3394,3394,3394,3394,3394,3394,3395,0,0,0,0,0,0,0,0,0,0,0,0,0,1717,0,3425,3426,3366,3365,3426,3427,0,0,0,0,0,0,0,0,0,0,0,0,0,0,0,0,0,0,0,0,0,0,0,0,0,0,0,0,0,0,0,0,0,0,0,0,0,0,0,0,0,0,0,0,0,0,0,0,0,
3394,3394,3394,3394,3394,3394,3394,3394,3394,3394,3394,3394,3394,3394,3394,3394,3394,3394,3394,3394,3394,3394,3394,3394,3394,3394,3394,3394,3365,3427,1685,0,0,0,0,0,0,0,0,0,0,0,0,0,0,0,0,3425,3427,0,0,0,0,0,0,0,0,0,0,0,0,0,1718,0,0,0,0,0,0,0,0,0,0,0,0,0,0,0,0,0,0,0,0,0,0,0,0,0,0,0,0,0,0,0,0,0,0,0,0,0,
3394,3394,3394,3394,3394,3394,3394,3394,3394,3394,3394,3394,3394,3394,3394,3394,3394,3394,3394,3394,3394,3394,3394,3394,3394,3394,3394,3394,3395,0,0,0,0,0,0,0,0,0,0,0,0,0,0,0,0,0,0,0,0,0,0,0,0,0,0,0,0,0,1685,0,0,0,0,0,0,0,0,0,0,0,0,0,0,0,0,0,0,0,0,0,0,0,0,0,0,0,0,0,0,0,0,0,0,0,0,0,0,0,0,0,
3394,3394,3394,3394,3394,3394,3394,3394,3394,3394,3394,3394,3394,3394,3394,3394,3394,3394,3394,3394,3394,3394,3394,3394,3394,3394,3394,3394,3395,1717,0,0,0,0,0,0,0,0,0,0,0,0,0,0,0,0,0,0,0,0,0,0,0,0,0,0,0,0,0,0,0,0,0,0,0,0,0,0,0,0,0,0,0,0,0,0,0,0,0,0,0,0,0,0,0,0,0,0,0,0,0,0,0,0,0,0,0,0,0,0,
3394,3394,3394,3394,3394,3394,3394,3394,3394,3394,3394,3394,3394,3394,3394,3394,3394,3394,3394,3394,3394,3394,3394,3394,3394,3394,3394,3365,3427,0,0,0,0,0,0,0,0,0,0,0,0,0,0,0,0,0,0,0,0,0,0,0,1686,0,0,0,0,0,0,0,0,0,0,0,0,0,0,0,0,0,0,0,0,0,0,0,0,0,0,0,0,0,0,0,0,0,0,0,0,0,0,0,0,0,0,0,0,0,0,0,
3394,3394,3394,3394,3394,3394,3394,3394,3394,3394,3394,3394,3394,3394,3394,3394,3394,3394,3394,3394,3394,3394,3394,3394,3394,3394,3394,3395,0,0,0,0,0,0,0,0,0,0,0,0,0,0,0,0,0,0,0,0,0,0,0,0,0,0,0,0,0,0,0,0,0,0,0,0,0,0,0,0,0,0,0,0,0,0,0,0,0,0,0,0,0,0,0,0,0,0,0,0,0,0,0,0,0,0,0,0,0,0,0,0,
3394,3394,3394,3394,3394,3394,3394,3394,3394,3394,3394,3394,3394,3394,3394,3394,3394,3394,3394,3394,3394,3394,3394,3394,3394,3394,3394,3395,1685,0,0,0,0,0,0,0,0,0,0,0,0,0,0,0,0,0,0,0,0,0,0,0,0,0,0,0,0,0,0,0,0,0,0,0,0,0,0,0,0,0,0,0,0,0,0,0,0,0,0,0,0,0,0,0,0,0,0,0,0,0,0,0,0,0,0,0,0,0,0,0,
3394,3394,3394,3394,3394,3394,3394,3394,3394,3394,3394,3394,3394,3394,3394,3394,3394,3394,3394,3394,3394,3394,3394,3394,3394,3394,3394,3397,3363,0,0,1685,0,0,0,0,0,0,0,0,0,0,0,0,0,0,0,0,0,0,1846,0,0,0,0,0,0,0,0,0,0,0,0,0,0,1718,0,0,0,0,0,0,0,0,0,0,0,0,0,0,0,0,0,0,0,0,0,0,0,0,0,0,0,0,0,0,0,0,0,0,
3394,3394,3394,3394,3394,3394,3394,3394,3394,3394,3394,3394,3394,3394,3394,3394,3394,3394,3394,3394,3394,3394,3394,3394,3394,3394,3394,3394,3395,0,0,0,0,0,0,0,0,0,0,0,0,0,0,0,0,0,0,0,0,0,0,0,0,0,0,0,0,1846,0,0,0,0,0,0,0,0,0,0,0,0,0,0,0,0,0,0,0,0,0,0,0,0,0,0,0,0,0,0,0,0,0,0,0,0,0,0,0,0,0,0,
3394,3394,3394,3394,3394,3394,3394,3394,3394,3394,3394,3394,3394,3394,3394,3394,3394,3394,3394,3394,3394,3394,3394,3394,3394,3394,3394,3394,3395,0,0,0,0,0,0,0,0,0,0,0,0,0,0,0,0,0,0,0,0,0,0,0,0,0,0,0,0,0,0,1845,0,0,0,0,0,0,0,0,0,0,0,0,0,0,0,0,0,0,0,0,0,0,0,0,0,0,0,0,0,0,0,0,0,0,0,0,0,0,0,0,
3394,3394,3394,3394,3394,3394,3394,3394,3394,3394,3394,3394,3394,3394,3394,3394,3394,3394,3394,3394,3394,3394,3394,3394,3394,3394,3394,3365,3427,0,0,0,0,0,0,0,0,0,0,0,0,0,0,0,0,0,0,0,0,0,0,0,0,0,0,0,0,0,0,0,0,0,0,0,0,1846,0,0,0,1686,0,0,0,0,0,0,0,0,0,0,0,0,0,0,0,0,0,0,0,0,0,0,0,0,0,0,0,0,0,0,
3394,3394,3394,3394,3394,3394,3394,3394,3394,3394,3394,3394,3394,3394,3394,3394,3394,3394,3394,3394,3394,3394,3394,3394,3394,3394,3394,3395,1686,0,0,0,2992,0,0,2989,2990,2991,0,0,0,0,0,0,0,0,0,0,0,0,0,0,0,0,0,0,0,0,0,0,0,0,0,0,0,0,0,0,0,0,0,0,0,0,0,0,0,0,0,0,0,0,0,0,0,0,0,0,0,0,0,0,0,0,0,0,0,0,0,0,
3394,3394,3394,3394,3394,3394,3394,3394,3394,3394,3394,3394,3394,3394,3394,3394,3394,3394,3394,3394,3394,3394,3394,3394,3394,3394,3394,3395,0,0,0,0,0,2989,2990,3022,3022,3023,0,0,0,0,0,0,0,0,0,0,0,0,0,0,0,0,0,0,0,0,0,0,0,0,0,0,0,0,0,0,0,0,0,0,0,0,0,0,0,0,0,0,0,0,0,0,0,0,0,0,0,0,0,0,0,0,0,0,0,0,0,0,
3394,3394,3394,3394,3394,3394,3394,3394,3394,3394,3394,3394,3394,3394,3394,3394,3394,3394,3394,3394,3394,3394,3394,3394,3394,3394,3365,3427,0,0,0,0,0,3021,3022,3022,3022,3023,0,0,0,0,0,0,0,0,0,0,0,0,0,0,0,0,0,0,0,0,0,0,0,0,0,0,0,0,0,0,0,0,0,0,0,0,0,0,0,0,0,0,0,0,0,0,0,0,0,0,0,0,0,0,0,0,0,0,0,0,0,0,
3394,3394,3394,3394,3394,3394,3394,3394,3394,3394,3394,3394,3394,3394,3394,3394,3394,3394,3394,3394,3394,3394,3394,3394,3394,3394,3395,0,0,0,1717,0,0,3053,3054,3054,3054,3054,0,0,0,0,0,0,0,0,0,0,0,1686,0,0,0,0,0,0,0,0,0,0,0,0,0,0,0,0,0,0,0,0,0,0,0,0,0,0,0,0,0,0,0,0,0,0,0,0,0,0,0,0,0,0,0,0,0,0,0,0,0,0,
3394,3394,3394,3394,3394,3394,3394,3394,3394,3394,3394,3394,3394,3394,3394,3394,3394,3394,3394,3394,3394,3394,3394,3365,3426,3426,3427,0,0,0,0,0,0,0,0,0,0,0,0,0,0,0,0,0,0,0,0,0,0,0,0,0,0,0,0,0,0,0,0,0,0,0,0,1685,0,0,0,0,0,0,0,0,0,0,0,0,0,0,0,0,0,0,0,0,0,0,0,0,0,0,0,0,0,0,0,0,0,0,0,0,
3394,3394,3394,3394,3394,3394,3394,3394,3394,3394,3394,3394,3394,3394,3394,3394,3394,3394,3394,3394,3394,3394,3394,3395,3364,0,0,1686,0,0,0,0,0,0,0,0,0,0,0,0,0,0,0,0,0,0,0,0,0,0,0,0,0,0,0,0,0,0,0,0,0,0,0,0,0,0,0,0,0,0,0,0,0,0,0,0,0,0,0,0,0,0,0,0,0,0,0,0,0,0,0,0,0,0,0,0,0,0,0,0,
3394,3394,3394,3394,3394,3394,3394,3394,3394,3394,3394,3394,3394,3394,3394,3394,3394,3394,3394,3394,3394,3365,3426,3427,0,0,0,0,0,0,0,0,0,1489,1490,1490,1490,1490,1491,0,0,0,0,0,0,0,0,0,0,0,0,0,0,0,0,0,0,0,0,0,0,0,0,0,0,0,0,0,0,0,0,0,0,0,0,0,0,0,0,0,0,0,0,0,0,0,0,0,0,0,0,0,0,0,0,0,0,0,0,0,
3394,3394,3394,3394,3394,3394,3394,3394,3394,3394,3394,3394,3394,3394,3394,3394,3394,3365,3426,3426,3426,3427,0,0,0,0,0,0,0,0,0,0,0,1521,1782,1781,1782,1781,1553,1490,1491,0,0,0,0,0,0,0,0,0,0,0,0,0,0,0,0,0,0,0,0,1685,0,0,0,0,0,0,0,0,0,0,0,0,0,0,0,0,0,0,0,0,0,0,0,0,0,0,0,0,0,0,1685,0,0,0,0,0,0,0,
3394,3394,3394,3365,3426,3426,3426,3426,3366,3394,3394,3394,3394,3394,3394,3394,3394,3395,0,0,0,0,0,0,0,0,0,0,0,0,0,0,0,1521,1781,1781,1781,1781,1783,1784,1521,0,0,0,0,0,0,0,3848,1052,3848,3913,0,0,0,0,0,0,0,0,0,0,0,0,0,0,0,0,0,0,0,0,0,0,0,0,0,0,0,0,0,0,0,0,0,0,0,0,0,0,0,0,0,0,0,0,0,0,0,0,
3394,3394,3394,3395,0,0,0,0,3393,3394,3394,3394,3394,3394,3394,3394,3365,3427,0,0,0,0,0,0,0,0,0,0,0,0,0,0,0,1521,1781,1782,1781,1781,1784,1783,1521,0,0,0,0,0,0,0,0,0,0,0,0,0,0,0,0,1685,0,0,0,0,0,0,0,0,0,0,0,0,0,0,0,0,0,0,0,0,0,0,0,0,0,0,0,0,0,0,0,0,0,0,0,0,0,0,0,0,0,0,
3426,3426,3426,3427,0,0,0,0,3393,3394,3394,3394,3394,3394,3394,3394,3395,0,0,0,0,0,0,0,0,0,0,0,1718,0,0,0,0,1521,1781,1781,1781,1782,1783,1783,1521,0,0,3911,3848,3848,3848,3913,0,0,0,0,0,0,0,0,0,0,0,0,0,0,0,0,0,0,0,0,0,0,0,0,0,0,0,0,0,0,0,0,0,0,0,0,0,0,0,0,0,0,0,0,0,0,0,0,0,0,0,0,
0,0,0,0,0,0,0,0,3425,3366,3394,3394,3394,3394,3394,3394,3395,0,0,0,0,0,0,0,0,0,0,0,0,0,0,0,0,1521,1781,1782,1781,1781,1783,1784,1521,0,0,0,0,0,0,0,0,0,0,0,0,0,0,1686,0,0,0,0,0,1718,0,0,0,0,0,0,0,0,0,0,0,0,0,0,0,0,0,0,0,0,0,0,0,0,0,0,0,0,0,0,1718,0,0,0,0,0,0,0,
0,0,0,0,0,0,0,0,0,3393,3394,3394,3394,3394,3394,3365,3427,0,0,0,0,0,0,0,0,0,0,0,0,0,0,0,0,1521,1781,1781,1781,1782,1783,1783,1521,0,0,0,0,0,0,0,0,0,0,0,0,0,0,0,0,0,0,0,0,0,0,0,0,0,0,0,0,0,0,0,0,0,0,0,0,0,0,0,0,0,0,0,0,0,0,0,0,0,0,0,0,0,0,0,0,0,0,0,
0,0,0,0,1718,0,0,0,0,3425,3366,3394,3394,3365,3426,3427,0,0,0,0,0,0,0,0,0,0,0,0,0,0,0,0,0,1553,1490,1490,1555,0,1553,1490,1491,0,0,0,0,0,0,0,0,0,0,0,0,0,0,0,0,0,0,0,0,0,0,0,0,0,0,0,0,0,0,0,0,0,0,0,0,0,0,0,0,0,0,0,0,0,0,0,0,0,0,0,0,0,0,0,0,0,0,0,
0,0,0,0,0,0,0,0,0,0,3425,3426,3426,3427,0,0,0,0,0,0,0,0,0,0,0,0,0,1717,0,0,0,0,0,0,0,0,0,0,0,0,0,0,0,0,0,0,0,0,0,0,0,0,0,0,0,0,0,0,0,0,0,0,0,0,0,0,0,0,0,0,0,0,0,0,0,0,0,0,0,0,0,0,0,0,0,0,1685,0,0,0,0,0,0,0,0,0,0,0,0,0,
0,0,0,0,0,0,0,0,0,0,0,0,0,0,0,0,0,0,0,0,0,0,0,0,0,0,0,0,0,0,0,0,0,0,0,0,0,0,0,0,0,0,0,0,0,0,0,0,0,0,0,0,0,0,0,0,0,0,0,0,0,0,0,0,0,0,0,0,0,0,0,0,0,0,0,0,0,0,0,0,0,0,0,0,0,0,0,0,0,0,0,0,0,0,0,0,0,0,0,0,
0,0,0,0,0,0,0,0,0,0,0,0,0,0,0,0,0,0,0,0,0,0,0,0,0,0,0,0,0,0,0,0,0,0,0,0,0,0,0,0,0,0,0,0,0,0,0,0,0,0,0,0,0,0,0,0,0,0,0,0,0,0,0,0,0,0,0,0,0,0,0,0,0,0,0,0,0,0,0,0,0,0,0,0,0,0,0,0,0,0,0,0,0,0,0,0,0,0,0,0,
0,0,0,0,0,0,0,0,1686,0,0,0,0,0,0,0,0,0,0,0,0,0,0,0,0,0,0,0,0,0,0,0,0,0,0,0,0,0,0,0,0,0,0,0,0,0,0,0,0,0,0,0,0,0,0,0,0,0,0,0,0,0,0,0,0,0,0,0,0,0,0,0,0,0,0,0,0,0,0,0,0,0,0,0,0,0,0,0,0,0,0,0,0,0,0,0,0,0,0,0,
0,0,0,0,0,0,0,0,0,0,0,0,0,0,0,0,0,1718,0,0,0,0,0,0,0,0,0,0,0,0,0,0,0,0,0,0,0,0,0,0,3361,3362,3362,3362,3362,3362,3362,3363,0,0,0,0,0,0,0,0,0,0,0,0,0,0,0,0,0,0,0,0,0,0,0,0,0,0,0,0,0,0,0,0,0,0,0,0,0,0,0,0,0,0,0,0,0,1748,0,0,0,0,0,0,
0,0,0,0,0,0,0,0,0,0,0,0,0,0,0,0,0,0,0,0,0,0,0,0,0,0,0,0,0,0,0,0,0,0,0,0,0,0,0,0,3393,3394,3394,3394,3394,3394,3394,3395,0,0,0,0,0,0,0,0,0,0,0,0,0,0,0,0,0,0,0,0,0,0,0,0,0,0,0,0,0,0,0,0,0,0,0,0,0,0,0,0,0,0,0,0,0,0,0,0,0,0,0,0,
0,0,0,0,0,0,0,0,0,0,0,0,0,0,0,0,0,0,0,0,0,0,0,0,0,0,0,0,0,0,0,0,0,0,0,0,3361,3362,3362,3362,3398,3394,3394,3394,3394,3394,3365,3427,0,0,0,0,0,0,0,0,0,0,0,0,0,0,0,0,0,0,0,0,3178,0,0,0,3175,3176,3177,0,0,0,0,0,0,0,0,0,0,0,0,0,0,0,0,0,0,0,0,0,0,0,0,0,
0,0,0,0,0,0,0,0,0,0,0,0,0,0,0,0,0,0,0,0,0,0,0,0,0,0,0,0,0,0,0,0,0,0,0,0,3393,3394,3394,3394,3394,3394,3394,3394,3394,3365,3427,0,0,0,0,0,0,0,0,0,0,0,0,0,0,0,0,0,0,0,3178,0,0,0,0,0,3239,3180,3211,3177,0,0,0,0,0,0,0,0,0,0,0,0,0,0,0,1685,0,0,0,0,0,0,0,0,
0,0,0,0,0,0,0,0,0,0,0,0,0,0,0,0,0,0,0,0,0,0,0,0,0,0,0,0,0,1745,0,0,0,0,0,0,3393,3394,3394,3394,3394,3394,3394,3394,3394,3395,0,0,0,0,0,0,0,0,0,0,0,0,0,0,0,0,0,0,0,3175,3209,0,0,0,0,0,0,3239,3240,3241,0,0,0,0,0,0,0,0,0,0,0,0,0,0,0,0,0,0,0,0,0,0,0,0,
0,0,0,0,0,0,0,0,0,0,0,0,0,0,0,0,0,0,0,0,0,0,0,0,0,0,0,0,0,0,0,0,0,0,0,3361,3398,3394,3394,3394,3394,3394,3394,3394,3365,3427,0,0,0,0,0,0,0,0,0,0,0,0,0,0,0,0,0,0,0,3239,3241,0,0,0,0,0,0,0,0,0,0,0,0,0,0,0,0,0,0,0,0,0,0,0,0,0,0,0,0,0,0,0,0,0,
0,0,0,0,0,0,0,0,0,0,0,0,0,0,0,0,0,0,0,0,0,0,0,0,0,0,0,0,0,0,0,0,0,0,0,3393,3394,3394,3394,3394,3394,3394,3394,3394,3395,0,0,0,0,0,0,0,0,0,0,0,0,0,0,0,0,0,0,0,0,0,0,0,0,699,0,0,0,0,0,0,0,0,0,0,0,0,0,0,0,0,0,0,0,0,0,0,0,0,0,0,0,0,0,0,
0,0,0,0,0,0,0,0,0,0,0,0,0,0,0,0,0,0,0,0,0,0,0,0,0,0,0,0,0,0,0,0,0,0,0,3393,3394,3394,3394,3394,3394,3394,3394,3394,3395,0,0,0,0,0,0,0,0,0,0,0,0,0,0,0,0,0,0,0,0,0,0,0,699,0,0,731,0,0,0,0,0,0,0,0,0,0,0,0,0,0,0,0,0,0,0,0,0,0,0,0,0,0,0,0,
0,0,0,0,0,0,0,0,0,0,0,0,0,0,0,0,0,0,0,1748,0,0,0,0,0,0,0,0,0,0,0,0,0,0,0,3393,3394,3394,3394,3394,3394,3394,3394,3394,3395,0,0,0,0,0,0,0,0,0,0,0,0,0,0,0,0,0,0,0,0,0,730,0,0,0,0,0,0,0,0,0,0,0,0,0,0,0,0,0,0,0,0,0,0,0,0,0,0,1717,0,0,0,0,0,0,
0,0,0,0,0,0,0,0,0,0,0,0,0,0,0,0,0,0,0,0,0,0,0,0,0,0,1718,0,0,0,0,0,0,0,3361,3398,3394,3394,3394,3394,3394,3394,3394,3365,3427,0,0,0,0,0,0,0,0,0,0,0,0,0,0,0,0,0,0,0,0,0,0,0,0,0,0,0,0,0,0,0,0,0,0,0,0,0,0,0,0,0,0,0,0,0,0,0,0,0,0,0,0,0,0,0,
0,0,0,0,0,0,0,0,0,0,0,0,0,0,0,1686,0,0,0,0,0,0,0,0,0,0,0,0,0,0,0,0,0,0,3393,3394,3394,3394,3394,3394,3394,3394,3365,3427,0,0,0,0,0,0,0,0,0,0,0,0,0,0,0,0,0,0,0,0,0,0,0,0,0,0,0,0,0,0,0,0,0,0,0,0,0,0,0,0,0,0,0,0,0,0,0,0,0,0,0,0,0,0,0,0,
0,0,0,0,0,0,0,0,0,0,0,0,0,0,0,0,0,0,0,0,0,0,0,0,0,0,0,0,0,0,0,0,0,0,3393,3394,3394,3394,3394,3394,3394,3426,3427,0,0,0,0,0,0,0,0,0,0,0,0,0,0,0,0,0,0,0,0,0,0,0,0,0,0,0,0,0,0,0,0,0,0,0,0,0,0,0,0,0,0,0,0,0,0,0,0,0,0,0,0,0,0,0,0,0,
0,0,0,0,0,0,0,0,0,0,0,0,0,0,0,0,0,0,0,0,0,0,0,0,0,0,0,0,0,0,0,0,0,0,3393,3394,3394,3394,3365,3426,3427,0,0,0,0,0,0,0,0,0,0,0,0,0,0,0,0,0,0,0,0,0,0,0,0,0,0,0,0,0,0,0,0,0,0,0,0,0,0,0,0,0,0,0,0,0,0,0,0,0,0,0,0,0,0,0,0,0,0,3361,
0,0,0,0,0,0,0,0,0,0,0,0,0,0,0,0,0,0,0,0,0,0,0,0,0,0,0,0,0,0,0,0,0,0,3393,3394,3365,3426,3427,0,0,0,0,0,0,0,0,0,1746,0,0,1745,0,0,0,0,0,0,0,0,0,0,0,0,0,0,0,0,0,0,0,0,0,0,0,0,0,0,0,0,0,0,0,0,0,0,0,0,0,0,0,0,0,0,0,0,0,0,0,3393,
0,0,0,0,0,0,0,0,0,0,0,0,0,0,0,0,0,0,0,0,0,0,0,0,0,0,0,0,0,0,0,0,0,0,3425,3426,3427,0,0,0,0,0,0,0,0,0,0,1745,0,1745,0,0,0,0,0,0,0,0,0,0,0,0,0,0,0,0,0,0,0,0,0,0,0,0,0,0,0,0,0,0,0,0,0,0,0,0,0,0,0,0,0,0,0,0,0,0,0,0,0,3393,
0,0,0,0,0,0,0,0,0,0,0,0,0,0,0,0,0,0,0,0,0,0,0,0,0,0,0,0,0,0,0,0,0,0,0,0,0,0,0,0,0,0,0,0,0,0,0,0,0,1746,0,0,0,0,0,0,0,0,0,0,0,0,0,0,0,0,0,0,0,0,0,0,0,0,0,0,0,0,0,0,0,0,0,0,0,0,0,0,0,0,0,0,0,0,1685,0,0,1746,0,3393,
0,0,0,0,0,0,0,0,0,0,0,0,0,0,0,0,0,0,0,1686,0,0,0,0,0,0,0,0,0,0,0,0,0,0,0,0,0,0,0,0,0,0,0,0,0,0,0,0,0,0,0,1746,1745,0,0,0,0,0,0,0,0,0,0,0,0,0,0,0,0,0,0,0,0,0,0,0,0,0,0,0,0,0,0,0,0,0,0,0,0,0,0,0,0,0,0,0,0,0,0,3393,
0,0,0,0,0,0,0,0,0,0,1686,0,0,0,0,0,0,0,0,0,0,0,0,0,0,0,0,0,0,0,0,0,0,0,0,0,0,0,0,0,0,0,0,0,0,0,1745,0,0,0,1745,0,0,0,0,0,0,0,0,0,0,0,0,0,0,0,0,0,0,0,0,0,0,0,0,0,0,0,0,0,0,0,0,0,0,0,0,1686,0,0,0,0,0,0,0,0,0,0,0,3393,
0,0,0,0,0,0,0,0,0,0,0,0,0,0,0,0,0,0,0,0,0,0,0,0,0,0,0,0,0,0,0,0,0,0,0,0,0,0,0,0,0,0,0,0,0,0,0,0,0,0,0,0,0,0,0,0,0,0,0,0,0,0,0,0,0,0,0,0,0,0,0,0,0,0,0,0,0,0,0,0,0,0,0,0,0,0,0,0,0,0,0,0,0,0,0,0,0,0,0,3393,
0,0,0,0,0,0,0,0,0,0,0,0,0,0,0,0,0,0,0,0,0,0,0,0,0,0,0,0,0,0,0,0,0,0,0,0,0,0,0,0,0,0,0,0,0,0,0,0,0,0,0,0,0,0,0,0,0,0,0,0,0,0,0,0,0,0,0,0,0,0,0,0,0,0,0,0,0,0,0,0,0,0,0,0,0,0,0,0,0,0,0,0,0,0,0,0,0,0,0,3393,
0,0,0,0,0,0,0,0,0,0,0,0,0,0,0,0,0,0,0,0,0,0,0,0,0,0,0,0,0,0,0,0,0,0,0,0,0,0,0,0,0,0,0,0,0,0,0,0,0,0,0,0,0,0,0,0,0,0,0,0,0,0,0,0,0,0,0,0,0,0,0,0,0,0,0,0,0,0,0,0,0,0,0,0,0,0,0,0,0,0,0,0,0,0,0,0,0,0,3361,3398,
0,0,0,0,0,0,0,0,0,0,0,0,0,0,0,0,0,0,0,0,0,0,0,0,0,0,0,1717,0,0,0,0,0,0,0,0,0,0,0,0,0,0,0,0,0,0,0,0,0,0,0,0,0,0,0,0,0,0,0,0,0,0,0,0,0,0,0,0,0,0,0,0,0,0,0,0,0,0,0,0,0,0,0,0,0,0,0,0,0,0,0,0,0,0,0,0,0,0,3393,3394,
0,0,0,0,0,0,0,0,0,0,0,0,0,0,0,0,0,0,0,0,0,0,0,0,0,0,0,0,0,0,0,0,0,0,0,0,0,0,0,0,0,0,0,0,0,0,0,0,0,0,0,0,0,0,0,0,0,0,0,0,0,0,0,0,0,0,0,0,0,0,0,0,0,0,0,0,0,0,0,0,0,0,0,0,0,0,0,0,0,0,0,0,0,0,0,0,0,0,3393,3394,
0,0,0,0,0,0,0,0,0,0,0,0,0,0,0,0,0,0,0,0,0,0,0,0,0,0,0,0,0,0,0,0,0,0,0,0,0,0,0,0,0,0,0,1846,1846,0,0,0,0,0,0,0,0,0,0,0,0,0,0,0,0,0,0,0,0,0,0,0,0,0,0,0,0,0,0,0,0,0,0,0,0,0,0,0,0,0,0,0,0,0,0,0,0,3361,3362,3362,3362,3362,3398,3394,
0,0,0,0,0,0,0,0,0,0,0,0,0,0,0,0,0,0,0,1717,0,0,0,0,0,0,0,0,0,0,0,0,0,0,0,0,0,0,0,0,0,0,0,0,1846,1846,1846,1846,1846,1846,1846,1846,1846,1846,1846,1846,1846,1846,1846,1846,1846,1846,0,0,0,0,0,0,0,0,0,0,0,0,0,0,0,0,0,0,0,0,0,0,0,0,0,0,0,0,0,0,0,3393,3394,3394,3394,3394,3394,3394,
0,0,0,0,0,0,0,0,0,0,0,0,0,0,0,0,0,0,0,0,0,0,0,0,0,0,0,0,0,0,0,0,0,0,0,0,0,0,0,0,0,0,0,0,0,0,0,0,0,0,0,0,0,0,0,0,0,0,0,0,0,0,0,0,0,0,0,0,0,0,0,0,0,0,0,0,0,0,0,0,0,0,0,0,1686,0,0,0,3361,3362,3362,3362,3362,3398,3394,3394,3394,3394,3394,3394,
0,0,0,0,0,0,0,0,0,0,0,0,0,0,0,0,0,0,0,0,0,0,0,0,0,0,0,0,0,0,0,0,0,0,0,0,0,0,0,0,0,0,0,0,0,0,0,0,0,0,0,0,0,0,0,0,0,0,0,0,0,0,0,0,0,0,0,0,0,0,0,0,0,0,0,0,0,0,0,0,0,0,0,0,0,0,0,0,3393,3394,3394,3394,3394,3394,3394,3394,3394,3394,3394,3394

[layer]
type=fg1
data=
0,0,0,0,0,0,0,0,0,0,0,0,0,0,0,0,0,0,0,0,0,0,0,0,0,0,0,0,0,0,0,0,0,0,0,0,0,0,0,0,0,0,0,0,0,0,0,0,0,0,0,0,0,0,0,0,0,0,0,0,0,0,0,0,0,0,0,0,0,0,0,0,0,0,0,0,0,0,0,0,0,0,0,0,0,0,0,0,0,0,0,0,0,0,0,0,0,0,0,0,
0,0,0,0,0,0,0,0,0,0,0,0,0,0,0,0,0,0,0,0,0,0,0,0,0,0,0,0,0,0,0,0,0,0,0,0,0,0,0,0,0,0,0,0,0,0,0,0,0,0,0,0,0,0,0,0,0,0,0,0,0,0,0,0,0,0,0,0,0,0,0,0,0,0,0,0,0,0,0,0,0,0,0,0,0,0,0,0,0,0,0,0,0,0,0,0,0,0,0,0,
0,0,0,0,0,0,0,0,0,0,0,0,0,0,0,0,0,0,0,0,0,0,0,0,0,0,0,0,0,0,0,0,0,0,0,0,0,0,0,0,0,0,0,0,0,0,0,0,0,0,0,0,0,0,0,0,0,0,0,0,0,0,0,0,0,0,0,0,0,0,0,0,0,0,0,0,0,0,0,0,0,0,0,0,0,0,0,0,0,0,0,0,0,0,0,0,0,0,0,0,
0,0,0,0,0,0,0,0,0,0,0,0,0,0,0,0,0,0,0,0,0,0,0,0,0,0,0,0,0,0,0,0,0,0,0,0,0,0,0,0,0,0,0,0,0,0,0,0,0,0,0,0,0,0,0,0,0,0,0,0,0,0,0,0,0,0,0,0,0,0,0,0,0,0,0,0,0,0,0,0,0,0,0,0,0,0,0,0,0,0,0,0,0,0,0,0,0,0,0,0,
0,0,0,0,0,0,0,0,0,0,0,0,0,0,0,0,0,0,0,0,0,0,0,0,0,0,0,0,0,0,0,0,0,0,0,0,0,0,0,0,0,0,0,0,0,0,0,0,0,0,0,0,0,0,0,0,0,0,0,0,0,0,0,0,0,0,0,0,0,0,0,0,0,0,0,0,0,0,0,0,0,0,0,0,0,0,0,0,0,0,0,0,0,0,0,0,0,0,0,0,
0,0,0,0,0,0,0,0,0,0,0,0,0,0,0,0,0,0,0,0,0,0,0,0,0,0,0,0,0,0,0,0,0,0,0,0,0,0,0,0,0,0,0,0,0,0,0,0,0,0,0,0,0,0,0,0,0,0,0,0,0,0,0,0,0,0,0,0,0,0,0,0,0,0,0,0,0,0,0,0,0,0,0,0,0,0,0,0,0,0,0,0,0,0,0,0,0,0,0,0,
0,0,0,0,0,0,0,0,0,0,0,0,0,0,0,0,0,0,0,0,0,0,0,0,0,0,0,0,0,0,0,0,0,0,0,0,0,0,0,0,0,0,0,0,0,0,0,0,0,0,0,0,0,0,0,0,0,0,0,0,0,0,0,0,0,0,0,0,0,0,0,0,0,0,0,0,0,0,0,0,0,0,0,0,0,0,0,0,0,0,0,0,0,0,0,0,0,0,0,0,
0,0,0,0,0,0,0,0,0,0,0,0,0,0,0,0,0,0,0,0,0,0,0,0,0,0,0,0,0,0,0,0,0,0,0,0,0,0,0,0,0,0,0,0,0,0,0,0,0,0,0,0,0,0,0,0,0,0,0,0,0,0,0,0,0,0,0,0,0,0,0,0,0,0,0,0,0,0,0,0,0,0,0,0,0,0,0,0,0,0,0,0,0,0,0,0,0,0,0,0,
0,0,0,0,0,0,0,0,0,0,0,0,0,0,0,0,0,0,0,0,0,0,0,0,0,0,0,0,0,0,0,0,0,0,0,0,0,0,0,0,0,0,0,0,0,0,0,0,0,0,0,0,0,0,0,0,0,0,0,0,0,0,0,0,0,0,0,0,0,0,0,0,1206,0,0,0,0,0,0,0,0,0,0,0,0,0,0,0,0,0,0,0,0,0,0,0,0,0,0,0,
0,0,0,0,0,0,0,0,0,0,0,0,0,0,0,0,0,0,0,0,0,0,0,0,0,0,0,0,0,0,0,0,0,0,0,0,0,0,0,0,0,0,0,0,0,0,0,0,0,0,0,0,0,0,0,0,0,0,0,0,0,0,0,0,0,0,0,0,0,0,0,0,0,0,0,0,0,0,0,0,0,0,0,0,0,0,0,0,0,0,0,0,0,0,0,0,0,0,0,0,
0,0,0,0,0,0,0,0,0,0,0,0,0,0,0,0,0,0,0,0,0,0,0,0,0,0,0,0,0,0,0,0,0,0,0,0,0,0,0,0,0,0,0,0,0,0,0,0,0,0,0,0,0,0,0,0,0,0,0,0,0,0,0,0,0,0,0,0,0,0,0,0,0,0,0,0,0,0,0,0,0,0,0,0,0,0,0,0,0,0,0,0,0,0,0,0,0,0,0,0,
0,0,0,0,0,0,0,0,0,0,0,0,0,0,0,0,0,0,0,0,0,0,0,0,0,0,0,0,0,0,0,0,0,0,0,0,0,0,0,0,0,0,0,0,0,0,0,0,0,0,0,0,0,0,0,0,0,0,0,0,0,0,0,0,0,0,0,0,0,0,0,0,0,0,0,0,0,0,0,0,0,0,0,0,0,0,0,0,0,0,0,0,0,0,0,0,0,0,0,0,
0,0,0,0,0,0,0,0,0,0,0,0,0,0,0,0,0,0,0,0,0,0,0,0,0,0,0,0,0,0,0,0,0,0,0,0,0,0,0,0,0,0,0,0,0,0,0,0,0,0,0,0,0,0,0,0,0,0,0,0,0,0,0,0,0,0,0,0,0,0,0,0,0,0,0,0,0,0,0,0,0,0,0,0,0,0,0,0,0,0,0,0,0,0,0,0,0,0,0,0,
0,0,0,0,0,0,0,0,0,0,0,0,0,0,0,0,0,0,0,0,0,0,0,0,0,0,0,0,0,0,0,0,0,0,0,0,0,0,0,0,0,0,0,0,0,0,0,0,0,0,0,0,0,0,0,0,0,0,0,0,0,0,0,0,0,0,0,0,0,0,0,0,0,0,0,0,0,0,0,0,0,0,0,0,0,0,0,0,0,0,0,0,0,0,0,0,0,0,0,0,
0,0,0,0,0,0,0,0,0,0,0,0,0,0,0,0,0,0,0,0,0,0,0,0,0,0,0,0,0,0,0,0,0,0,0,0,0,0,0,0,0,0,0,0,0,0,0,0,0,0,0,0,0,0,0,0,0,0,0,0,0,0,0,0,0,0,0,0,0,0,0,0,0,0,0,0,0,0,0,0,0,0,0,0,0,0,0,0,0,0,0,0,0,0,0,0,0,0,0,0,
0,0,0,0,0,0,0,0,0,0,0,0,0,0,0,0,0,0,0,0,0,0,0,0,0,0,0,0,0,0,0,0,0,0,0,0,0,0,0,0,0,0,0,0,0,0,0,0,0,0,0,0,0,0,0,0,0,0,0,0,0,0,0,0,0,0,0,0,0,0,0,0,0,0,0,0,0,0,0,0,0,0,0,0,0,0,0,0,0,0,0,0,0,0,0,0,0,0,0,0,
0,0,0,0,0,0,0,0,0,0,0,0,0,0,0,0,0,0,0,0,0,0,0,0,0,0,0,0,0,0,0,0,0,0,0,0,0,0,0,0,0,0,0,0,0,0,0,0,0,0,0,0,0,0,0,0,0,0,0,0,0,0,0,0,0,0,0,0,0,0,0,0,0,0,0,0,0,0,0,0,0,0,0,0,0,0,0,0,0,0,0,0,0,0,0,0,0,0,0,0,
0,0,0,0,0,0,0,0,0,0,0,0,0,0,0,0,0,0,0,0,0,0,0,0,0,0,0,0,0,0,0,0,0,0,0,0,0,0,0,0,0,0,0,0,0,0,0,0,0,0,0,0,0,0,0,0,0,0,0,0,0,0,0,0,0,0,0,0,0,0,0,0,0,0,0,0,0,0,0,0,0,0,0,0,0,0,0,0,0,0,0,0,0,0,0,0,0,0,0,0,
0,0,0,0,0,0,0,0,0,0,0,0,0,0,0,0,0,0,0,0,0,0,0,0,0,0,0,0,0,0,0,0,0,0,0,0,0,0,0,0,0,0,0,0,0,0,0,0,0,0,0,0,0,0,0,0,0,0,0,0,0,0,0,0,0,0,0,0,0,0,0,0,0,0,0,0,0,0,0,0,0,0,0,0,0,0,0,0,0,0,0,0,0,0,0,0,0,0,0,0,
0,0,0,0,0,0,0,0,0,0,0,0,0,0,0,0,0,0,0,0,0,0,0,0,0,0,0,0,0,0,0,0,0,0,0,0,0,0,0,0,0,0,0,0,0,0,0,0,0,0,0,0,0,0,0,0,0,0,0,0,0,0,0,0,0,0,0,0,0,0,0,0,0,0,0,0,0,0,0,0,0,0,0,0,0,0,0,0,0,0,0,0,0,0,0,0,0,0,0,0,
0,0,0,0,0,0,0,0,0,0,0,0,0,0,0,0,0,0,0,0,0,0,0,0,0,0,0,0,0,0,0,0,0,0,0,0,0,0,0,0,0,0,0,0,0,0,0,0,0,0,0,0,0,0,0,0,0,0,0,0,0,0,0,0,0,0,0,0,0,0,0,0,0,0,0,0,0,0,0,0,0,0,0,0,0,0,0,0,0,0,0,0,0,0,0,0,0,0,0,0,
0,0,0,0,0,0,0,0,0,0,0,0,0,0,0,0,0,0,0,0,0,0,0,0,0,0,0,0,0,0,0,0,0,0,0,0,0,0,0,0,0,0,0,0,0,0,0,0,0,0,0,0,0,0,0,0,0,0,0,0,0,0,0,0,0,0,0,0,0,0,0,0,0,0,0,0,0,0,0,0,0,0,0,0,0,0,0,0,0,0,0,0,0,0,0,0,0,0,0,0,
0,0,0,0,0,0,0,0,0,0,0,0,0,0,0,0,0,0,0,0,0,0,0,0,0,0,0,0,0,0,0,0,0,0,0,0,0,0,0,0,0,0,0,0,0,0,0,0,0,0,0,0,0,0,0,0,0,0,0,0,0,0,0,0,0,0,0,0,0,0,0,0,0,0,0,0,0,0,0,0,0,0,0,0,0,0,0,0,0,0,0,0,0,0,0,0,0,0,0,0,
0,0,0,0,0,0,0,0,0,0,0,0,0,0,0,0,0,0,0,0,0,0,0,0,0,0,0,0,0,0,0,0,0,0,0,0,0,0,0,0,0,0,0,0,0,0,0,0,0,1046,0,0,0,0,0,0,0,0,0,0,0,0,0,0,0,0,0,0,0,0,0,0,0,0,0,0,0,0,0,0,0,0,0,0,0,0,0,0,0,0,0,0,0,0,0,0,0,0,0,0,
0,0,0,0,0,0,0,0,0,0,0,0,0,0,0,0,0,0,0,0,0,0,0,0,0,0,0,0,0,0,0,0,0,0,0,0,0,0,0,0,0,0,0,0,0,0,0,0,0,0,0,0,0,0,0,0,0,0,0,0,0,0,0,0,0,0,0,0,0,0,0,0,0,0,0,0,0,0,0,0,0,0,0,0,0,0,0,0,0,0,0,0,0,0,0,0,0,0,0,0,
0,0,0,0,0,0,0,0,0,0,0,0,0,0,0,0,0,0,0,0,0,0,0,0,0,0,0,0,0,0,0,0,0,0,0,0,0,0,0,0,0,0,0,0,0,0,0,0,0,0,0,0,0,0,0,0,0,0,0,0,0,0,0,0,0,0,0,0,0,0,0,0,0,0,0,0,0,0,0,0,0,0,0,0,0,0,0,0,0,0,0,0,0,0,0,0,0,0,0,0,
0,0,0,0,0,0,0,0,0,0,0,0,0,0,0,0,0,0,0,0,0,0,0,0,0,0,0,0,0,0,0,0,0,0,0,0,0,0,0,0,0,0,0,0,0,0,0,0,0,0,0,0,0,0,0,0,0,0,0,0,0,0,0,0,0,0,0,0,0,0,0,0,0,0,0,0,0,0,0,0,0,0,0,0,0,0,0,0,0,0,0,0,0,0,0,0,0,0,0,0,
0,0,0,0,0,0,0,0,0,0,0,0,0,0,0,0,0,0,0,0,0,0,0,0,0,0,0,0,0,0,0,0,0,0,0,0,0,0,0,0,0,0,0,0,0,0,0,0,0,0,0,0,0,0,0,0,0,0,0,0,0,0,0,0,0,0,0,0,0,0,0,0,0,0,0,0,0,0,0,0,0,0,0,0,0,0,0,0,0,0,0,0,0,0,0,0,0,0,0,0,
0,0,0,0,0,0,0,0,0,0,0,0,0,0,0,0,0,0,0,0,0,0,0,0,0,0,0,0,0,0,0,0,0,0,0,0,0,0,0,0,0,0,0,0,0,0,0,0,0,0,0,0,0,0,0,0,0,0,0,0,0,0,0,0,0,0,0,0,0,0,0,0,0,0,0,0,0,0,0,0,0,0,0,0,0,0,0,0,0,0,0,0,0,0,0,0,0,0,0,0,
0,0,0,0,0,0,0,0,0,0,0,0,0,0,0,0,0,0,0,0,0,0,0,0,0,0,0,0,0,0,0,0,0,0,0,0,0,0,0,0,0,0,0,0,0,0,0,0,0,0,0,0,0,0,0,0,0,0,0,0,0,0,0,0,0,0,0,0,0,0,0,0,0,0,0,0,0,0,0,0,0,0,0,0,0,0,0,0,0,0,0,0,0,0,0,0,0,0,0,0,
0,0,0,0,0,0,0,0,0,0,0,0,0,0,0,0,0,0,0,0,0,0,0,0,0,0,0,0,0,0,0,0,0,0,0,0,0,0,0,0,0,0,0,0,0,0,0,0,0,0,0,0,0,0,0,0,0,0,0,0,0,0,0,0,0,0,0,0,0,0,0,0,0,0,0,0,0,0,0,0,0,0,0,0,0,0,0,0,0,0,0,0,0,0,0,0,0,0,0,0,
0,0,0,0,0,0,0,0,0,0,0,0,0,0,0,0,0,0,0,0,0,0,0,0,0,0,0,0,0,0,0,0,0,0,0,0,0,0,0,0,0,0,0,0,0,0,0,0,0,0,0,0,0,0,0,0,0,0,0,0,0,0,0,0,0,0,0,0,0,0,0,0,0,0,0,0,0,0,0,0,0,0,0,0,0,0,0,0,0,0,0,0,0,0,0,0,0,0,0,0,
0,0,0,0,0,0,0,0,0,0,0,0,0,0,0,0,0,0,0,0,0,0,0,0,0,0,0,0,0,0,0,0,0,0,0,0,0,0,0,0,0,0,0,0,0,0,0,0,0,0,0,0,0,0,0,0,0,0,0,0,0,0,0,0,0,0,0,0,0,0,0,0,0,0,0,0,0,0,0,0,0,0,0,0,0,0,0,0,0,0,0,0,0,0,0,0,0,0,0,0,
0,0,0,0,0,0,0,0,0,0,0,0,0,0,0,0,0,0,0,0,0,0,0,0,0,0,0,0,0,0,0,0,0,0,0,0,0,0,0,0,0,0,0,0,0,0,0,0,0,0,0,0,0,0,0,0,0,0,0,0,0,0,0,0,0,0,0,0,0,0,0,0,0,0,0,0,0,0,0,0,0,0,0,0,0,0,0,0,0,0,0,0,0,0,0,0,0,0,0,0,
0,0,0,0,0,0,0,0,0,0,0,0,0,0,0,0,0,0,0,0,0,0,0,0,0,0,0,0,0,0,0,0,0,0,0,0,0,0,0,0,0,0,0,0,0,0,0,0,0,0,0,0,0,0,0,0,0,0,0,0,0,0,0,0,0,0,0,0,0,0,0,0,0,0,0,0,0,0,0,0,0,0,0,0,0,0,0,0,0,0,0,0,0,0,0,0,0,0,0,0,
0,0,0,0,0,0,0,0,0,0,0,0,0,0,0,0,0,0,0,0,0,0,0,0,0,0,0,0,0,0,0,0,0,0,0,0,0,0,0,0,0,0,0,0,0,0,0,0,0,0,0,0,0,0,0,0,0,0,0,0,0,0,0,0,0,0,0,0,0,0,0,0,0,0,0,0,0,0,0,0,0,0,0,0,0,0,0,0,0,0,0,0,0,0,0,0,0,0,0,0,
0,0,0,0,0,0,0,0,0,0,0,0,0,0,0,0,0,0,0,0,0,0,0,0,0,0,0,0,0,0,0,0,0,0,0,0,0,0,0,0,0,0,0,0,0,0,0,0,0,0,0,0,0,0,0,0,0,0,0,0,0,0,0,0,0,0,0,0,0,0,0,0,0,0,0,0,0,0,0,0,0,0,0,0,0,0,0,0,0,0,0,0,0,0,0,0,0,0,0,0,
0,0,0,0,0,0,0,0,0,0,0,0,0,0,0,0,0,0,0,0,0,0,0,0,0,0,0,0,0,0,0,0,0,0,0,0,0,0,0,0,0,0,0,0,0,0,0,0,0,0,0,0,0,0,0,0,0,0,0,0,0,0,0,0,0,0,0,0,0,0,0,0,0,0,0,0,0,0,0,0,0,0,0,0,0,0,0,0,0,0,0,0,0,0,0,0,0,0,0,0,
0,0,0,0,0,0,0,0,0,0,0,0,0,0,0,0,0,0,0,0,0,0,0,0,0,0,0,0,0,0,0,0,0,0,0,0,0,0,0,0,0,0,0,0,0,0,0,0,0,0,0,0,0,0,0,0,0,0,0,0,0,0,0,0,0,0,0,0,0,0,0,0,0,0,0,0,0,0,0,0,0,0,0,0,0,0,0,0,0,0,0,0,0,0,0,0,0,0,0,0,
0,0,0,0,0,0,0,0,0,0,0,0,0,0,0,0,0,0,0,0,0,0,0,0,0,0,0,0,0,0,0,0,0,0,0,0,0,0,0,0,0,0,0,0,0,0,0,0,0,0,0,0,0,0,0,0,0,0,0,0,0,0,0,0,0,0,0,0,0,0,0,0,0,0,0,0,0,0,0,0,0,0,0,0,0,0,0,0,0,0,0,0,0,0,0,0,0,0,0,0,
0,0,0,0,0,0,0,0,0,0,0,0,0,0,0,0,0,0,0,0,0,0,0,0,0,0,0,0,0,0,0,0,0,0,0,0,0,0,0,0,0,0,0,0,0,0,0,0,0,0,0,0,0,0,0,0,0,0,0,0,0,0,0,0,0,0,0,0,0,0,0,0,0,0,0,0,0,0,0,0,0,0,0,0,0,0,0,0,0,0,0,0,0,0,0,0,0,0,0,0,
0,0,0,0,0,0,0,0,0,0,0,0,0,0,0,0,0,0,0,0,0,0,0,0,0,0,0,0,0,0,0,0,0,0,0,0,0,0,0,0,0,0,0,0,0,0,0,0,0,0,0,0,0,0,0,0,0,0,0,0,0,0,0,0,0,0,0,0,0,0,0,0,0,0,0,0,0,0,0,0,0,0,0,0,0,0,0,0,0,0,0,0,0,0,0,0,0,0,0,0,
0,0,0,0,0,0,0,0,0,0,0,0,0,0,0,0,0,0,0,0,0,0,0,0,0,0,0,0,0,0,0,0,0,0,0,0,0,0,0,0,0,0,0,0,0,0,0,0,0,0,0,0,0,0,0,0,0,0,0,0,0,0,0,0,0,0,0,0,0,0,0,0,0,0,0,0,0,0,0,0,0,0,0,0,0,0,0,0,0,0,0,0,0,0,0,0,0,0,0,0,
0,0,0,0,0,0,0,0,0,0,0,0,0,0,0,0,0,0,0,0,0,0,0,0,0,0,0,0,0,0,0,0,0,0,0,0,0,0,0,0,0,0,0,0,0,0,0,0,0,0,0,0,0,0,0,0,0,0,0,0,0,0,0,0,0,0,0,0,0,0,0,0,0,0,0,0,0,0,0,0,0,0,0,0,0,0,0,0,0,0,0,0,0,0,0,0,0,0,0,0,
0,0,0,0,0,0,0,0,0,0,0,0,0,0,0,0,0,0,0,0,0,0,0,0,0,0,0,0,0,0,0,0,0,0,0,0,0,0,0,0,0,0,0,0,0,0,0,0,0,0,0,0,0,0,0,0,0,0,0,0,0,0,0,0,0,0,0,0,0,0,0,0,0,0,0,0,0,0,0,0,0,0,0,0,0,0,0,0,0,0,0,0,0,0,0,0,0,0,0,0,
0,0,0,0,0,0,0,0,0,0,0,0,0,0,0,0,0,0,0,0,0,0,0,0,0,0,0,0,0,0,0,0,0,0,0,0,0,0,0,0,0,0,0,0,0,0,0,0,0,0,0,0,0,0,0,0,0,0,0,0,0,0,0,0,0,0,0,0,0,0,0,0,0,0,0,0,0,0,0,0,0,0,0,0,0,0,0,0,0,0,0,0,0,0,0,0,0,0,0,0,
0,0,0,0,0,0,0,0,0,0,0,0,0,0,0,0,0,0,0,0,0,0,0,0,0,0,0,0,0,0,0,0,0,0,0,0,0,0,0,0,0,0,0,0,0,0,0,0,0,0,0,0,0,0,0,0,0,0,0,0,0,0,0,0,0,0,0,0,0,0,0,0,0,0,0,0,0,0,0,0,0,0,0,0,0,0,0,0,0,0,0,0,0,0,0,0,0,0,0,0,
0,0,0,0,0,0,0,0,0,0,0,0,0,0,0,0,0,0,0,0,0,0,0,0,0,0,0,0,0,0,0,0,0,0,0,0,0,0,0,0,0,0,0,0,0,0,0,0,0,0,0,0,0,0,0,0,0,0,0,0,0,0,0,0,0,0,0,0,0,0,0,0,0,0,0,0,0,0,0,0,0,0,0,0,0,0,0,0,0,0,0,0,0,0,0,0,0,0,0,0,
0,0,0,0,0,0,0,0,0,0,0,0,0,0,0,0,0,0,0,0,0,0,0,0,0,0,0,0,0,0,0,0,0,0,0,0,0,0,0,0,0,0,0,0,0,0,0,0,0,0,0,0,0,0,0,0,0,0,0,0,0,0,0,0,0,0,0,0,0,0,0,0,0,0,0,0,0,0,0,0,0,0,0,0,0,0,0,0,0,0,0,0,0,0,0,0,0,0,0,0,
0,0,0,0,0,0,0,0,0,0,0,0,0,0,0,0,0,0,0,0,0,0,0,0,0,0,0,0,0,0,0,0,0,0,0,0,0,0,0,0,0,0,0,0,0,0,0,0,0,0,0,0,0,0,0,0,0,0,0,0,0,0,0,0,0,0,0,0,0,0,0,0,0,0,0,0,0,0,0,0,0,0,0,0,0,0,0,0,0,0,0,0,0,0,0,0,0,0,0,0,
0,0,0,0,0,0,0,0,0,0,0,0,0,0,0,0,0,0,0,0,0,0,0,0,0,0,0,0,0,0,0,0,0,0,0,0,0,0,0,0,0,0,0,0,0,0,0,0,0,0,0,0,0,0,0,0,0,0,0,0,0,0,0,0,0,0,0,0,0,0,0,0,0,0,0,0,0,0,0,0,0,0,0,0,0,0,0,0,0,0,0,0,0,0,0,0,0,0,0,0,
0,0,0,0,0,0,0,0,0,0,0,0,0,0,0,0,0,0,0,0,0,0,0,0,0,0,0,0,0,0,0,0,0,0,0,0,0,0,0,0,0,0,0,0,0,0,0,0,0,0,0,0,0,0,0,0,0,0,0,0,0,0,0,0,0,0,0,0,0,0,0,0,0,0,0,0,0,0,0,0,0,0,0,0,0,0,0,0,0,0,0,0,0,0,0,0,0,0,0,0,
0,0,0,0,0,0,0,0,0,0,0,0,0,0,0,0,0,0,0,0,0,0,0,0,0,0,0,0,0,0,0,0,0,0,0,0,0,0,0,0,0,0,0,0,0,0,0,0,0,0,0,0,0,0,0,0,0,0,0,0,0,0,0,0,0,0,0,0,0,0,0,0,0,0,0,0,0,0,0,0,0,0,0,0,0,0,0,0,0,0,0,0,0,0,0,0,0,0,0,0,
0,0,0,0,0,0,0,0,0,0,0,0,0,0,0,0,0,0,0,0,0,0,0,0,0,0,0,0,0,0,0,0,0,0,0,0,0,0,0,0,0,0,0,0,0,0,0,0,0,0,0,0,0,0,0,0,0,0,0,0,0,0,0,0,0,0,0,0,0,0,0,0,0,0,0,0,0,0,0,0,0,0,0,0,0,0,0,0,0,0,0,0,0,0,0,0,0,0,0,0,
0,0,0,0,0,0,0,0,0,0,0,0,0,0,0,0,0,0,0,0,0,0,0,0,0,0,0,0,0,0,0,0,0,0,0,0,0,0,0,0,0,0,0,0,0,0,0,0,0,0,0,0,0,0,0,0,0,0,0,0,0,0,0,0,0,0,0,0,0,0,0,0,0,0,0,0,0,0,0,0,0,0,0,0,0,0,0,0,0,0,0,0,0,0,0,0,0,0,0,0,
0,0,0,0,0,0,0,0,0,0,0,0,0,0,0,0,0,0,0,0,0,0,0,0,0,0,0,0,0,0,0,0,0,0,0,0,0,0,0,0,0,0,0,0,0,0,0,0,0,0,0,0,0,0,0,0,0,0,0,0,0,0,0,0,0,0,0,0,0,0,0,0,0,0,0,0,0,0,0,0,0,0,0,0,0,0,0,0,0,0,0,0,0,0,0,0,0,0,0,0,
0,0,0,0,0,0,0,0,0,0,0,0,0,0,0,0,0,0,0,0,0,0,0,0,0,0,0,0,0,0,0,0,0,0,0,0,0,0,0,0,0,0,0,0,0,0,0,0,0,0,0,0,0,0,0,0,0,0,0,0,0,0,0,0,0,0,0,0,0,0,0,0,0,0,0,0,0,0,0,0,0,0,0,0,0,0,0,0,0,0,0,0,0,0,0,0,0,0,0,0,
0,0,0,0,0,0,0,0,0,0,0,0,0,0,0,0,0,0,0,0,0,0,0,0,0,0,0,0,0,0,0,0,0,0,0,0,0,0,0,0,0,0,0,0,0,0,0,0,0,0,0,0,0,0,0,0,0,0,0,0,0,0,0,0,0,0,0,0,0,0,0,0,0,0,0,0,0,0,0,0,0,0,0,0,0,0,0,0,0,0,0,0,0,0,0,0,0,0,0,0,
0,0,0,0,0,0,0,0,0,0,0,0,0,0,0,0,0,0,0,0,0,0,0,0,0,0,0,0,0,0,0,0,0,0,0,0,0,0,0,0,0,0,0,0,0,0,0,0,0,0,0,0,0,0,0,0,0,0,0,0,0,0,0,0,0,0,0,0,0,0,0,0,0,0,0,0,0,0,0,0,0,0,0,0,0,0,0,0,0,0,0,0,0,0,0,0,0,0,0,0,
0,0,0,0,0,0,0,0,0,0,0,0,0,0,0,0,0,0,0,0,0,0,0,0,0,0,0,0,0,0,0,0,0,0,0,0,0,0,0,0,0,0,0,0,0,0,0,0,0,0,0,0,0,0,0,0,0,0,0,0,0,0,0,0,0,0,0,0,0,0,0,0,0,0,0,0,0,0,0,0,0,0,0,0,0,0,0,0,0,0,0,0,0,0,0,0,0,0,0,0

[layer]
type=fg2
data=
0,0,0,0,0,0,0,0,0,0,0,0,0,0,0,0,0,0,0,0,0,0,0,0,0,0,0,0,0,0,0,0,0,0,0,0,0,0,0,0,0,0,0,0,0,0,0,0,0,0,0,0,0,0,0,0,0,0,0,0,0,0,0,0,0,0,0,0,0,0,0,0,0,0,0,0,0,0,0,0,0,0,0,0,0,0,0,0,0,0,0,0,0,0,0,0,0,0,0,0,
0,0,0,0,0,0,0,0,0,0,0,0,0,0,0,0,0,0,0,0,0,0,0,0,0,0,0,0,0,0,0,0,0,0,0,0,0,0,0,0,0,0,0,0,0,0,0,0,0,0,0,0,0,0,0,0,0,0,0,0,0,0,0,0,0,0,0,0,0,0,0,0,0,0,0,0,0,0,0,0,0,0,0,0,0,0,0,0,0,0,0,0,0,0,0,0,0,0,0,0,
0,0,0,0,0,0,0,0,0,0,0,0,0,0,0,0,0,0,0,0,0,0,0,0,0,0,0,0,0,0,0,0,0,0,0,0,0,0,0,0,0,0,0,0,0,0,0,0,0,0,0,0,0,0,0,0,0,0,0,0,0,0,0,0,0,0,0,0,0,0,0,0,0,0,0,0,0,0,0,0,0,0,0,0,0,0,0,0,0,0,0,0,0,0,0,0,0,0,0,0,
0,0,0,0,0,0,0,0,0,0,0,0,0,0,0,0,0,0,0,0,0,0,0,0,0,0,0,0,0,0,0,0,0,0,0,0,0,0,0,0,0,0,0,0,0,0,0,0,0,0,0,0,0,0,0,0,0,0,0,0,0,0,0,0,0,0,0,0,0,0,0,0,0,0,0,0,0,0,0,0,0,0,0,0,0,0,0,0,0,0,0,0,0,0,0,0,0,0,0,0,
0,0,0,0,0,0,0,0,0,0,0,0,0,0,0,0,0,0,0,0,0,0,0,0,0,0,0,0,0,0,0,0,0,0,0,0,0,0,0,0,0,0,0,0,0,0,0,0,0,0,0,0,0,0,0,0,0,0,0,0,0,0,0,0,0,0,0,0,0,0,0,0,0,0,0,0,0,0,0,0,0,0,0,0,0,0,0,0,0,0,0,0,0,0,0,0,0,0,0,0,
0,0,0,0,0,0,0,0,0,0,0,0,0,0,0,0,0,0,0,0,0,0,0,0,0,0,0,0,0,0,0,0,0,0,0,0,0,0,0,0,0,0,0,0,0,0,0,0,0,0,0,0,0,0,0,0,0,0,0,0,0,0,0,0,0,0,0,0,0,0,0,0,0,0,0,0,0,0,0,0,0,0,0,0,0,0,0,0,0,0,0,0,0,0,0,0,0,0,0,0,
0,0,0,0,0,0,0,0,0,0,0,0,0,0,0,0,0,0,0,0,0,0,0,0,0,0,0,0,0,0,0,0,0,0,0,0,0,0,0,0,0,0,0,0,0,0,0,0,0,0,0,0,0,0,0,0,0,0,0,0,0,0,0,0,0,0,0,0,0,0,0,0,0,0,0,0,0,0,0,0,0,0,0,0,0,0,0,0,0,0,0,0,0,0,0,0,0,0,0,0,
0,0,0,0,0,0,0,0,0,0,0,0,0,0,0,0,0,0,0,0,0,0,0,0,0,0,0,0,0,0,0,0,0,0,0,0,0,0,0,0,0,0,0,0,0,0,0,0,0,0,0,0,0,0,0,0,0,0,0,0,0,0,0,0,0,0,0,0,0,0,0,0,0,0,0,0,0,0,0,0,0,0,0,0,0,0,0,0,0,0,0,0,0,0,0,0,0,0,0,0,
0,0,0,0,0,0,0,0,0,0,0,0,0,0,0,0,0,0,0,0,0,0,0,0,0,0,0,0,0,0,0,0,0,0,0,0,0,0,0,0,0,0,0,0,0,0,0,0,0,0,0,0,0,0,0,0,0,0,0,0,0,0,0,0,0,0,0,0,0,0,0,0,0,0,0,0,0,0,0,0,0,0,0,0,0,0,0,0,0,0,0,0,0,0,0,0,0,0,0,0,
0,0,0,0,0,0,0,0,0,0,0,0,0,0,0,0,0,0,0,0,0,0,0,0,0,0,0,0,0,0,0,0,0,0,0,0,0,0,0,0,0,0,0,0,0,0,0,0,0,0,0,0,0,0,0,0,0,0,0,0,0,0,0,0,0,0,0,0,0,0,0,0,0,0,0,0,0,0,0,0,0,0,0,0,0,0,0,0,0,0,0,0,0,0,0,0,0,0,0,0,
0,0,0,0,0,0,0,0,0,0,0,0,0,0,0,0,0,0,0,0,0,0,0,0,0,0,0,0,0,0,0,0,0,0,0,0,0,0,0,0,0,0,0,0,0,0,0,0,0,0,0,0,0,0,0,0,0,0,0,0,0,0,0,0,0,0,0,0,0,0,0,0,0,0,0,0,0,0,0,0,0,0,0,0,0,0,0,0,0,0,0,0,0,0,0,0,0,0,0,0,
0,0,0,0,0,0,0,0,0,0,0,0,0,0,0,0,0,0,0,0,0,0,0,0,0,0,0,0,0,0,0,0,0,0,0,0,0,0,0,0,0,0,0,0,0,0,0,0,0,0,0,0,0,0,0,0,0,0,0,0,0,0,0,0,0,0,0,0,0,0,0,0,0,0,0,0,0,0,0,0,0,0,0,0,0,0,0,0,0,0,0,0,0,0,0,0,0,0,0,0,
0,0,0,0,0,0,0,0,0,0,0,0,0,0,0,0,0,0,0,0,0,0,0,0,0,0,0,0,0,0,0,0,0,0,0,0,0,0,0,0,0,0,0,0,0,0,0,0,0,0,0,0,0,0,0,0,0,0,0,0,0,0,0,0,0,0,0,0,0,0,0,0,0,0,0,0,0,0,0,0,0,0,0,0,0,0,0,0,0,0,0,0,0,0,0,0,0,0,0,0,
0,0,0,0,0,0,0,0,0,0,0,0,0,0,0,0,0,0,0,0,0,0,0,0,0,0,0,0,0,0,0,0,0,0,0,0,0,0,0,0,0,0,0,0,0,0,0,0,0,0,0,0,0,0,0,0,0,0,0,0,0,0,0,0,0,0,0,0,0,0,0,0,0,0,0,0,0,0,0,0,0,0,0,0,0,0,0,0,0,0,0,0,0,0,0,0,0,0,0,0,
0,0,0,0,0,0,0,0,0,0,0,0,0,0,0,0,0,0,0,0,0,0,0,0,0,0,0,0,0,0,0,0,0,0,0,0,0,0,0,0,0,0,0,0,0,0,0,0,0,0,0,0,0,0,0,0,0,0,0,0,0,0,0,0,0,0,0,0,0,0,0,0,0,0,0,0,0,0,0,0,0,0,0,0,0,0,0,0,0,0,0,0,0,0,0,0,0,0,0,0,
0,0,0,0,0,0,0,0,0,0,0,0,0,0,0,0,0,0,0,0,0,0,0,0,0,0,0,0,0,0,0,0,0,0,0,0,0,0,0,0,0,0,0,0,0,0,0,0,0,0,0,0,0,0,0,0,0,0,0,0,0,0,0,0,0,0,0,0,0,0,0,0,0,0,0,0,0,0,0,0,0,0,0,0,0,0,0,0,0,0,0,0,0,0,0,0,0,0,0,0,
0,0,0,0,0,0,0,0,0,0,0,0,0,0,0,0,0,0,0,0,0,0,0,0,0,0,0,0,0,0,0,0,0,0,0,0,0,0,0,0,0,0,0,0,0,0,0,0,0,0,0,0,0,0,0,0,0,0,0,0,0,0,0,0,0,0,0,0,0,0,0,0,0,0,0,0,0,0,0,0,0,0,0,0,0,0,0,0,0,0,0,0,0,0,0,0,0,0,0,0,
0,0,0,0,0,0,0,0,0,0,0,0,0,0,0,0,0,0,0,0,0,0,0,0,0,0,0,0,0,0,0,0,0,0,0,0,0,0,0,0,0,0,0,0,0,0,0,0,0,0,0,0,0,0,0,0,0,0,0,0,0,0,0,0,0,0,0,0,0,0,0,0,0,0,0,0,0,0,0,0,0,0,0,0,0,0,0,0,0,0,0,0,0,0,0,0,0,0,0,0,
0,0,0,0,0,0,0,0,0,0,0,0,0,0,0,0,0,0,0,0,0,0,0,0,0,0,0,0,0,0,0,0,0,0,0,0,0,0,0,0,0,0,0,0,0,0,0,0,0,0,0,0,0,0,0,0,0,0,0,0,0,0,0,0,0,0,0,0,0,0,0,0,0,0,0,0,0,0,0,0,0,0,0,0,0,0,0,0,0,0,0,0,0,0,0,0,0,0,0,0,
0,0,0,0,0,0,0,0,0,0,0,0,0,0,0,0,0,0,0,0,0,0,0,0,0,0,0,0,0,0,0,0,0,0,0,0,0,0,0,0,0,0,0,0,0,0,0,0,0,0,0,0,0,0,0,0,0,0,0,0,0,0,0,0,0,0,0,0,0,0,0,0,0,0,0,0,0,0,0,0,0,0,0,0,0,0,0,0,0,0,0,0,0,0,0,0,0,0,0,0,
0,0,0,0,0,0,0,0,0,0,0,0,0,0,0,0,0,0,0,0,0,0,0,0,0,0,0,0,0,0,0,0,0,0,0,0,0,0,0,0,0,0,0,0,0,0,0,0,0,0,0,0,0,0,0,0,0,0,0,0,0,0,0,0,0,0,0,0,0,0,0,0,0,0,0,0,0,0,0,0,0,0,0,0,0,0,0,0,0,0,0,0,0,0,0,0,0,0,0,0,
0,0,0,0,0,0,0,0,0,0,0,0,0,0,0,0,0,0,0,0,0,0,0,0,0,0,0,0,0,0,0,0,0,0,0,0,0,0,0,0,0,0,0,0,0,0,0,0,0,0,0,0,0,0,0,0,0,0,0,0,0,0,0,0,0,0,0,0,0,0,0,0,0,0,0,0,0,0,0,0,0,0,0,0,0,0,0,0,0,0,0,0,0,0,0,0,0,0,0,0,
0,0,0,0,0,0,0,0,0,0,0,0,0,0,0,0,0,0,0,0,0,0,0,0,0,0,0,0,0,0,0,0,0,0,0,0,0,0,0,0,0,0,0,0,0,0,0,0,0,0,0,0,0,0,0,0,0,0,0,0,0,0,0,0,0,0,0,0,0,0,0,0,0,0,0,0,0,0,0,0,0,0,0,0,0,0,0,0,0,0,0,0,0,0,0,0,0,0,0,0,
0,0,0,0,0,0,0,0,0,0,0,0,0,0,0,0,0,0,0,0,0,0,0,0,0,0,0,0,0,0,0,0,0,0,0,0,0,0,0,0,0,0,0,0,0,0,0,0,0,0,0,0,0,0,0,0,0,0,0,0,0,0,0,0,0,0,0,0,0,0,0,0,0,0,0,0,0,0,0,0,0,0,0,0,0,0,0,0,0,0,0,0,0,0,0,0,0,0,0,0,
0,0,0,0,0,0,0,0,0,0,0,0,0,0,0,0,0,0,0,0,0,0,0,0,0,0,0,0,0,0,0,0,0,0,0,0,0,0,0,0,0,0,0,0,0,0,0,0,0,0,0,0,0,0,0,0,0,0,0,0,0,0,0,0,0,0,0,0,0,0,0,0,0,0,0,0,0,0,0,0,0,0,0,0,0,0,0,0,0,0,0,0,0,0,0,0,0,0,0,0,
0,0,0,0,0,0,0,0,0,0,0,0,0,0,0,0,0,0,0,0,0,0,0,0,0,0,0,0,0,0,0,0,0,0,0,0,0,0,0,0,0,0,0,0,0,0,0,0,0,0,0,0,0,0,0,0,0,0,0,0,0,0,0,0,0,0,0,0,0,0,0,0,0,0,0,0,0,0,0,0,0,0,0,0,0,0,0,0,0,0,0,0,0,0,0,0,0,0,0,0,
0,0,0,0,0,0,0,0,0,0,0,0,0,0,0,0,0,0,0,0,0,0,0,0,0,0,0,0,0,0,0,0,0,0,0,0,0,0,0,0,0,0,0,0,0,0,0,0,0,0,0,0,0,0,0,0,0,0,0,0,0,0,0,0,0,0,0,0,0,0,0,0,0,0,0,0,0,0,0,0,0,0,0,0,0,0,0,0,0,0,0,0,0,0,0,0,0,0,0,0,
0,0,0,0,0,0,0,0,0,0,0,0,0,0,0,0,0,0,0,0,0,0,0,0,0,0,0,0,0,0,0,0,0,0,0,0,0,0,0,0,0,0,0,0,0,0,0,0,0,0,0,0,0,0,0,0,0,0,0,0,0,0,0,0,0,0,0,0,0,0,0,0,0,0,0,0,0,0,0,0,0,0,0,0,0,0,0,0,0,0,0,0,0,0,0,0,0,0,0,0,
0,0,0,0,0,0,0,0,0,0,0,0,0,0,0,0,0,0,0,0,0,0,0,0,0,0,0,0,0,0,0,0,0,0,0,0,0,0,0,0,0,0,0,0,0,0,0,0,0,0,0,0,0,0,0,0,0,0,0,0,0,0,0,0,0,0,0,0,0,0,0,0,0,0,0,0,0,0,0,0,0,0,0,0,0,0,0,0,0,0,0,0,0,0,0,0,0,0,0,0,
0,0,0,0,0,0,0,0,0,0,0,0,0,0,0,0,0,0,0,0,0,0,0,0,0,0,0,0,0,0,0,0,0,0,0,0,0,0,0,0,0,0,0,0,0,0,0,0,0,0,0,0,0,0,0,0,0,0,0,0,0,0,0,0,0,0,0,0,0,0,0,0,0,0,0,0,0,0,0,0,0,0,0,0,0,0,0,0,0,0,0,0,0,0,0,0,0,0,0,0,
0,0,0,0,0,0,0,0,0,0,0,0,0,0,0,0,0,0,0,0,0,0,0,0,0,0,0,0,0,0,0,0,0,0,0,0,0,0,0,0,0,0,0,0,0,0,0,0,0,0,0,0,0,0,0,0,0,0,0,0,0,0,0,0,0,0,0,0,0,0,0,0,0,0,0,0,0,0,0,0,0,0,0,0,0,0,0,0,0,0,0,0,0,0,0,0,0,0,0,0,
0,0,0,0,0,0,0,0,0,0,0,0,0,0,0,0,0,0,0,0,0,0,0,0,0,0,0,0,0,0,0,0,0,0,0,0,0,0,0,0,0,0,0,0,0,0,0,0,0,0,0,0,0,0,0,0,0,0,0,0,0,0,0,0,0,0,0,0,0,0,0,0,0,0,0,0,0,0,0,0,0,0,0,0,0,0,0,0,0,0,0,0,0,0,0,0,0,0,0,0,
0,0,0,0,0,0,0,0,0,0,0,0,0,0,0,0,0,0,0,0,0,0,0,0,0,0,0,0,0,0,0,0,0,0,0,0,0,0,0,0,0,0,0,0,0,0,0,0,0,0,0,0,0,0,0,0,0,0,0,0,0,0,0,0,0,0,0,0,0,0,0,0,0,0,0,0,0,0,0,0,0,0,0,0,0,0,0,0,0,0,0,0,0,0,0,0,0,0,0,0,
0,0,0,0,0,0,0,0,0,0,0,0,0,0,0,0,0,0,0,0,0,0,0,0,0,0,0,0,0,0,0,0,0,0,0,0,0,0,0,0,0,0,0,0,0,0,0,0,0,0,0,0,0,0,0,0,0,0,0,0,0,0,0,0,0,0,0,0,0,0,0,0,0,0,0,0,0,0,0,0,0,0,0,0,0,0,0,0,0,0,0,0,0,0,0,0,0,0,0,0,
0,0,0,0,0,0,0,0,0,0,0,0,0,0,0,0,0,0,0,0,0,0,0,0,0,0,0,0,0,0,0,0,0,0,0,0,0,0,0,0,0,0,0,0,0,0,0,0,0,0,0,0,0,0,0,0,0,0,0,0,0,0,0,0,0,0,0,0,0,0,0,0,0,0,0,0,0,0,0,0,0,0,0,0,0,0,0,0,0,0,0,0,0,0,0,0,0,0,0,0,
0,0,0,0,0,0,0,0,0,0,0,0,0,0,0,0,0,0,0,0,0,0,0,0,0,0,0,0,0,0,0,0,0,0,0,0,0,0,0,0,0,0,0,0,0,0,0,0,0,0,0,0,0,0,0,0,0,0,0,0,0,0,0,0,0,0,0,0,0,0,0,0,0,0,0,0,0,0,0,0,0,0,0,0,0,0,0,0,0,0,0,0,0,0,0,0,0,0,0,0,
0,0,0,0,0,0,0,0,0,0,0,0,0,0,0,0,0,0,0,0,0,0,0,0,0,0,0,0,0,0,0,0,0,0,0,0,0,0,0,0,0,0,0,0,0,0,0,0,0,0,0,0,0,0,0,0,0,0,0,0,0,0,0,0,0,0,0,0,0,0,0,0,0,0,0,0,0,0,0,0,0,0,0,0,0,0,0,0,0,0,0,0,0,0,0,0,0,0,0,0,
0,0,0,0,0,0,0,0,0,0,0,0,0,0,0,0,0,0,0,0,0,0,0,0,0,0,0,0,0,0,0,0,0,0,0,0,0,0,0,0,0,0,0,0,0,0,0,0,0,0,0,0,0,0,0,0,0,0,0,0,0,0,0,0,0,0,0,0,0,0,0,0,0,0,0,0,0,0,0,0,0,0,0,0,0,0,0,0,0,0,0,0,0,0,0,0,0,0,0,0,
0,0,0,0,0,0,0,0,0,0,0,0,0,0,0,0,0,0,0,0,0,0,0,0,0,0,0,0,0,0,0,0,0,0,0,0,0,0,0,0,0,0,0,0,0,0,0,0,0,0,0,0,0,0,0,0,0,0,0,0,0,0,0,0,0,0,0,0,0,0,0,0,0,0,0,0,0,0,0,0,0,0,0,0,0,0,0,0,0,0,0,0,0,0,0,0,0,0,0,0,
0,0,0,0,0,0,0,0,0,0,0,0,0,0,0,0,0,0,0,0,0,0,0,0,0,0,0,0,0,0,0,0,0,0,0,0,0,0,0,0,0,0,0,0,0,0,0,0,0,0,0,0,0,0,0,0,0,0,0,0,0,0,0,0,0,0,0,0,0,0,0,0,0,0,0,0,0,0,0,0,0,0,0,0,0,0,0,0,0,0,0,0,0,0,0,0,0,0,0,0,
0,0,0,0,0,0,0,0,0,0,0,0,0,0,0,0,0,0,0,0,0,0,0,0,0,0,0,0,0,0,0,0,0,0,0,0,0,0,0,0,0,0,0,0,0,0,0,0,0,0,0,0,0,0,0,0,0,0,0,0,0,0,0,0,0,0,0,0,0,0,0,0,0,0,0,0,0,0,0,0,0,0,0,0,0,0,0,0,0,0,0,0,0,0,0,0,0,0,0,0,
0,0,0,0,0,0,0,0,0,0,0,0,0,0,0,0,0,0,0,0,0,0,0,0,0,0,0,0,0,0,0,0,0,0,0,0,0,0,0,0,0,0,0,0,0,0,0,0,0,0,0,0,0,0,0,0,0,0,0,0,0,0,0,0,0,0,0,0,0,0,0,0,0,0,0,0,0,0,0,0,0,0,0,0,0,0,0,0,0,0,0,0,0,0,0,0,0,0,0,0,
0,0,0,0,0,0,0,0,0,0,0,0,0,0,0,0,0,0,0,0,0,0,0,0,0,0,0,0,0,0,0,0,0,0,0,0,0,0,0,0,0,0,0,0,0,0,0,0,0,0,0,0,0,0,0,0,0,0,0,0,0,0,0,0,0,0,0,0,0,0,0,0,0,0,0,0,0,0,0,0,0,0,0,0,0,0,0,0,0,0,0,0,0,0,0,0,0,0,0,0,
0,0,0,0,0,0,0,0,0,0,0,0,0,0,0,0,0,0,0,0,0,0,0,0,0,0,0,0,0,0,0,0,0,0,0,0,0,0,0,0,0,0,0,0,0,0,0,0,0,0,0,0,0,0,0,0,0,0,0,0,0,0,0,0,0,0,0,0,0,0,0,0,0,0,0,0,0,0,0,0,0,0,0,0,0,0,0,0,0,0,0,0,0,0,0,0,0,0,0,0,
0,0,0,0,0,0,0,0,0,0,0,0,0,0,0,0,0,0,0,0,0,0,0,0,0,0,0,0,0,0,0,0,0,0,0,0,0,0,0,0,0,0,0,0,0,0,0,0,0,0,0,0,0,0,0,0,0,0,0,0,0,0,0,0,0,0,0,0,0,0,0,0,0,0,0,0,0,0,0,0,0,0,0,0,0,0,0,0,0,0,0,0,0,0,0,0,0,0,0,0,
0,0,0,0,0,0,0,0,0,0,0,0,0,0,0,0,0,0,0,0,0,0,0,0,0,0,0,0,0,0,0,0,0,0,0,0,0,0,0,0,0,0,0,0,0,0,0,0,0,0,0,0,0,0,0,0,0,0,0,0,0,0,0,0,0,0,0,0,0,0,0,0,0,0,0,0,0,0,0,0,0,0,0,0,0,0,0,0,0,0,0,0,0,0,0,0,0,0,0,0,
0,0,0,0,0,0,0,0,0,0,0,0,0,0,0,0,0,0,0,0,0,0,0,0,0,0,0,0,0,0,0,0,0,0,0,0,0,0,0,0,0,0,0,0,0,0,0,0,0,0,0,0,0,0,0,0,0,0,0,0,0,0,0,0,0,0,0,0,0,0,0,0,0,0,0,0,0,0,0,0,0,0,0,0,0,0,0,0,0,0,0,0,0,0,0,0,0,0,0,0,
0,0,0,0,0,0,0,0,0,0,0,0,0,0,0,0,0,0,0,0,0,0,0,0,0,0,0,0,0,0,0,0,0,0,0,0,0,0,0,0,0,0,0,0,0,0,0,0,0,0,0,0,0,0,0,0,0,0,0,0,0,0,0,0,0,0,0,0,0,0,0,0,0,0,0,0,0,0,0,0,0,0,0,0,0,0,0,0,0,0,0,0,0,0,0,0,0,0,0,0,
0,0,0,0,0,0,0,0,0,0,0,0,0,0,0,0,0,0,0,0,0,0,0,0,0,0,0,0,0,0,0,0,0,0,0,0,0,0,0,0,0,0,0,0,0,0,0,0,0,0,0,0,0,0,0,0,0,0,0,0,0,0,0,0,0,0,0,0,0,0,0,0,0,0,0,0,0,0,0,0,0,0,0,0,0,0,0,0,0,0,0,0,0,0,0,0,0,0,0,0,
0,0,0,0,0,0,0,0,0,0,0,0,0,0,0,0,0,0,0,0,0,0,0,0,0,0,0,0,0,0,0,0,0,0,0,0,0,0,0,0,0,0,0,0,0,0,0,0,0,0,0,0,0,0,0,0,0,0,0,0,0,0,0,0,0,0,0,0,0,0,0,0,0,0,0,0,0,0,0,0,0,0,0,0,0,0,0,0,0,0,0,0,0,0,0,0,0,0,0,0,
0,0,0,0,0,0,0,0,0,0,0,0,0,0,0,0,0,0,0,0,0,0,0,0,0,0,0,0,0,0,0,0,0,0,0,0,0,0,0,0,0,0,0,0,0,0,0,0,0,0,0,0,0,0,0,0,0,0,0,0,0,0,0,0,0,0,0,0,0,0,0,0,0,0,0,0,0,0,0,0,0,0,0,0,0,0,0,0,0,0,0,0,0,0,0,0,0,0,0,0,
0,0,0,0,0,0,0,0,0,0,0,0,0,0,0,0,0,0,0,0,0,0,0,0,0,0,0,0,0,0,0,0,0,0,0,0,0,0,0,0,0,0,0,0,0,0,0,0,0,0,0,0,0,0,0,0,0,0,0,0,0,0,0,0,0,0,0,0,0,0,0,0,0,0,0,0,0,0,0,0,0,0,0,0,0,0,0,0,0,0,0,0,0,0,0,0,0,0,0,0,
0,0,0,0,0,0,0,0,0,0,0,0,0,0,0,0,0,0,0,0,0,0,0,0,0,0,0,0,0,0,0,0,0,0,0,0,0,0,0,0,0,0,0,0,0,0,0,0,0,0,0,0,0,0,0,0,0,0,0,0,0,0,0,0,0,0,0,0,0,0,0,0,0,0,0,0,0,0,0,0,0,0,0,0,0,0,0,0,0,0,0,0,0,0,0,0,0,0,0,0,
0,0,0,0,0,0,0,0,0,0,0,0,0,0,0,0,0,0,0,0,0,0,0,0,0,0,0,0,0,0,0,0,0,0,0,0,0,0,0,0,0,0,0,0,0,0,0,0,0,0,0,0,0,0,0,0,0,0,0,0,0,0,0,0,0,0,0,0,0,0,0,0,0,0,0,0,0,0,0,0,0,0,0,0,0,0,0,0,0,0,0,0,0,0,0,0,0,0,0,0,
0,0,0,0,0,0,0,0,0,0,0,0,0,0,0,0,0,0,0,0,0,0,0,0,0,0,0,0,0,0,0,0,0,0,0,0,0,0,0,0,0,0,0,0,0,0,0,0,0,0,0,0,0,0,0,0,0,0,0,0,0,0,0,0,0,0,0,0,0,0,0,0,0,0,0,0,0,0,0,0,0,0,0,0,0,0,0,0,0,0,0,0,0,0,0,0,0,0,0,0,
0,0,0,0,0,0,0,0,0,0,0,0,0,0,0,0,0,0,0,0,0,0,0,0,0,0,0,0,0,0,0,0,0,0,0,0,0,0,0,0,0,0,0,0,0,0,0,0,0,0,0,0,0,0,0,0,0,0,0,0,0,0,0,0,0,0,0,0,0,0,0,0,0,0,0,0,0,0,0,0,0,0,0,0,0,0,0,0,0,0,0,0,0,0,0,0,0,0,0,0,
0,0,0,0,0,0,0,0,0,0,0,0,0,0,0,0,0,0,0,0,0,0,0,0,0,0,0,0,0,0,0,0,0,0,0,0,0,0,0,0,0,0,0,0,0,0,0,0,0,0,0,0,0,0,0,0,0,0,0,0,0,0,0,0,0,0,0,0,0,0,0,0,0,0,0,0,0,0,0,0,0,0,0,0,0,0,0,0,0,0,0,0,0,0,0,0,0,0,0,0,
0,0,0,0,0,0,0,0,0,0,0,0,0,0,0,0,0,0,0,0,0,0,0,0,0,0,0,0,0,0,0,0,0,0,0,0,0,0,0,0,0,0,0,0,0,0,0,0,0,0,0,0,0,0,0,0,0,0,0,0,0,0,0,0,0,0,0,0,0,0,0,0,0,0,0,0,0,0,0,0,0,0,0,0,0,0,0,0,0,0,0,0,0,0,0,0,0,0,0,0,
0,0,0,0,0,0,0,0,0,0,0,0,0,0,0,0,0,0,0,0,0,0,0,0,0,0,0,0,0,0,0,0,0,0,0,0,0,0,0,0,0,0,0,0,0,0,0,0,0,0,0,0,0,0,0,0,0,0,0,0,0,0,0,0,0,0,0,0,0,0,0,0,0,0,0,0,0,0,0,0,0,0,0,0,0,0,0,0,0,0,0,0,0,0,0,0,0,0,0,0,
0,0,0,0,0,0,0,0,0,0,0,0,0,0,0,0,0,0,0,0,0,0,0,0,0,0,0,0,0,0,0,0,0,0,0,0,0,0,0,0,0,0,0,0,0,0,0,0,0,0,0,0,0,0,0,0,0,0,0,0,0,0,0,0,0,0,0,0,0,0,0,0,0,0,0,0,0,0,0,0,0,0,0,0,0,0,0,0,0,0,0,0,0,0,0,0,0,0,0,0

