[header]
width=35
height=25
tilewidth=16
tileheight=16
orientation=orthogonal

[tilesets]
tileset=../textures/tileset.png,16,16,0,0

[layer]
type=physics
data=
1102,1102,1102,1102,1102,1102,1102,1102,1102,1102,1102,1102,1102,1102,1102,1102,1102,1102,1102,1102,1102,1102,1102,1102,1102,1102,1102,1102,1102,1102,1102,1102,1102,1102,1102,
1102,1102,1102,1102,1102,1103,1103,1103,1103,1103,1103,1103,1103,1103,1103,1103,1103,1103,1103,1103,1103,1103,1103,1103,1103,1103,1103,1102,1102,1102,1102,1102,1102,1102,1102,
1103,1103,1103,1103,1103,1103,1103,1103,1103,1103,1103,1103,1103,1103,1103,1103,1103,1103,1103,1103,1103,1103,1103,1103,1103,1103,1103,1103,1103,1103,1103,1103,1103,1102,1102,
1103,1103,1103,1103,1103,1103,1103,1103,1103,1103,1103,1103,1103,1102,1102,1102,1102,1102,1102,1103,1103,1103,1103,1103,1103,1103,1103,1103,1103,1103,1103,1103,1103,1103,1102,
1103,1103,1103,1103,1103,1103,1103,1103,1103,1103,1103,1103,1103,1102,1102,1102,1102,1102,1102,1103,1103,1103,1103,1103,1103,1102,1102,1102,1102,1102,1102,1103,1103,1103,1102,
1103,1103,1103,1103,1103,1103,1103,1103,1103,1103,1103,1103,1103,1102,1102,1102,1102,1102,1102,1103,1103,1103,1103,1103,1103,1102,1102,1102,1102,1102,1102,1103,1103,1103,1102,
1103,1103,1103,1103,1103,1103,1103,1103,1103,1103,1103,1103,1103,1102,1102,1102,1102,1102,1102,1103,1103,1103,1103,1103,1103,1102,1102,1102,1102,1102,1102,1103,1103,1103,1102,
1103,1103,1103,1103,1103,1103,1103,1103,1103,1103,1103,1103,1103,1102,1102,1102,1102,1102,1102,1103,1103,1103,1103,1103,1103,1102,1102,1102,1102,1102,1102,1103,1103,1103,1102,
1103,1103,1103,1103,1103,1103,1103,1103,1103,1103,1103,1103,1103,1103,1103,1103,1103,1103,1103,1103,1103,1103,1103,1103,1103,1102,1102,1102,1102,1102,1102,1103,1103,1103,1102,
1103,1103,1103,1103,1103,1103,1103,1103,1103,1103,1103,1103,1103,1103,1103,1103,1103,1103,1103,1103,1103,1103,1103,1103,1103,1103,1103,1103,1103,1103,1103,1103,1103,1102,1102,
1103,1103,1103,1103,1103,1103,1103,1103,1103,1103,1103,1103,1103,1103,1103,1103,1103,1103,1103,1103,1103,1103,1103,1103,1103,1103,1103,1103,1103,1103,1103,1103,1103,1102,1102,
1103,1103,1103,1105,1105,1105,1105,1103,1103,1103,1103,1103,1103,1103,1103,1103,1103,1103,1103,1103,1103,1103,1103,1103,1103,1103,1103,1103,1103,1103,1103,1103,1103,1103,1102,
1105,1105,1105,1105,1105,1105,1105,1103,1103,1102,1102,1102,1102,1102,1102,1103,1103,1103,1103,1103,1103,1103,1103,1103,1103,1103,1103,1103,1103,1103,1103,1103,1103,1103,1103,
1105,1105,1105,1105,1105,1105,1105,1103,1103,1102,1102,1102,1102,1102,1102,1103,1103,1103,1103,1102,1103,1103,1103,1103,1103,1103,1103,1103,1103,1103,1103,1103,1103,1102,1102,
1105,1105,1105,1105,1105,1105,1105,1103,1103,1102,1102,1102,1102,1102,1102,1103,1103,1103,1103,1103,1103,1103,1103,1103,1103,1103,1103,1102,1102,1102,1102,1102,1102,1102,1102,
1105,1105,1105,1105,1105,1105,1105,1103,1103,1102,1102,1102,1102,1102,1102,1103,1103,1103,1103,1103,1103,1103,1103,1103,1103,1103,1103,1102,1102,1102,1102,1102,1102,1102,1102,
1105,1105,1105,1105,1105,1105,1105,1103,1103,1102,1102,1102,1102,1102,1102,1103,1103,1103,1103,1103,1103,1103,1103,1103,1103,1103,1103,1102,1102,1102,1102,1102,1102,1103,1102,
1105,1105,1105,1105,1105,1105,1105,1103,1103,1103,1103,1103,1103,1103,1103,1103,1103,1103,1103,1103,1103,1103,1103,1103,1103,1103,1103,1102,1102,1102,1102,1102,1102,1103,1102,
1105,1105,1105,1105,1105,1105,1105,1103,1103,1103,1103,1103,1103,1103,1103,1103,1103,1103,1103,1103,1103,1103,1103,1103,1103,1103,1103,1102,1102,1102,1102,1102,1102,1103,1102,
1105,1105,1105,1105,1105,1105,1103,1103,1103,1103,1103,1103,1103,1103,1103,1103,1103,1103,1103,1103,1103,1103,1103,1103,1103,1103,1103,1103,1103,1103,1103,1103,1103,1103,1102,
1105,1105,1105,1105,1105,1105,1103,1103,1103,1103,1103,1103,1103,1103,1103,1103,1103,1103,1103,1103,1103,1103,1103,1103,1103,1103,1103,1103,1103,1103,1103,1103,1103,1102,1102,
1105,1105,1105,1105,1105,1105,1103,1103,1103,1103,1103,1103,1103,1103,1103,1103,1103,1103,1103,1103,1103,1103,1103,1103,1103,1103,1103,1103,1103,1103,1103,1103,1103,1102,1102,
1105,1105,1105,1105,1105,1105,1103,1103,1103,1103,1103,1103,1103,1103,1103,1103,1103,1103,1103,1103,1103,1103,1103,1103,1103,1103,1103,1103,1103,1103,1103,1103,1103,1102,1102,
1105,1105,1105,1105,1105,1105,1103,1103,1103,1103,1103,1102,1102,1102,1102,1102,1103,1103,1103,1103,1103,1103,1103,1103,1103,1103,1103,1103,1103,1103,1103,1102,1102,1102,1102,
1105,1105,1105,1105,1105,1105,1102,1102,1102,1102,1102,1102,1102,1102,1102,1102,1102,1102,1102,1102,1102,1102,1102,1102,1102,1102,1102,1102,1102,1102,1102,1102,1102,1102,1102

[layer]
type=bg1
data=
5008,5008,5008,5008,5005,5006,5006,5071,815,816,816,816,816,816,816,816,816,816,816,816,816,816,816,816,816,816,816,816,816,816,816,816,816,816,816,
5006,5006,5006,5006,5071,706,706,360,847,848,848,848,848,848,848,848,848,848,848,848,848,848,848,848,848,848,851,816,816,816,816,816,816,816,816,
329,329,329,329,298,706,706,706,360,361,361,362,706,706,706,706,706,706,706,706,706,706,706,706,360,361,847,848,848,848,848,848,848,851,816,
329,329,329,329,330,706,706,706,706,706,706,706,706,4612,4612,4612,4612,4612,4612,706,706,706,706,706,706,706,360,361,361,361,361,361,361,847,851,
329,329,329,329,330,783,784,784,784,785,706,706,706,4610,4610,4610,4610,4610,4610,706,296,297,297,298,706,4612,4612,4612,4612,4612,4612,706,706,328,815,
329,329,329,329,330,815,816,816,971,817,706,706,706,4612,4612,4612,4612,4612,4612,706,328,329,329,330,706,4610,4610,4610,4610,4610,4610,706,706,328,815,
329,329,329,329,330,815,816,816,1003,817,706,706,706,4612,4612,4612,4612,4612,4612,706,328,329,329,330,706,4612,4612,4612,4612,4612,4612,706,706,328,815,
329,329,329,329,330,815,816,816,1035,817,706,706,706,706,706,706,706,1040,706,706,328,329,329,330,706,4612,4612,4612,4612,4612,4612,706,706,328,815,
329,329,361,361,362,815,968,970,816,817,706,706,706,706,706,706,706,676,706,296,329,329,329,330,706,706,706,1040,706,706,706,706,706,328,815,
329,330,706,783,784,787,1032,1034,816,817,706,706,706,706,706,706,706,708,706,360,361,361,361,362,706,706,706,676,706,706,706,706,706,783,787,
361,362,706,847,848,848,848,848,848,849,706,706,706,706,706,706,706,708,706,706,706,706,706,706,706,706,706,708,706,706,783,784,785,815,816,
706,706,706,1601,1602,1602,1603,706,706,706,706,706,706,706,706,706,706,705,674,674,674,675,706,706,706,706,706,708,706,706,815,816,849,847,848,
1602,1602,1602,1606,1634,1634,1635,706,706,4612,4612,4612,4612,4612,4612,706,706,705,794,794,794,706,710,710,710,710,710,739,706,706,847,849,819,820,821,
1634,1634,1634,1634,1634,1634,1635,706,706,4610,4610,4610,4610,4610,4610,706,706,705,794,794,794,706,705,706,706,706,706,706,706,706,706,706,706,783,784,
1634,1634,1634,1634,1634,1634,1635,706,706,4612,4612,4612,4612,4612,4612,706,706,705,794,794,794,706,737,706,296,297,297,4612,4612,4612,4612,4612,4612,815,816,
1634,1634,1634,1634,1634,1634,1635,706,706,4612,4612,4612,4612,4612,4612,706,706,705,738,738,738,706,675,706,328,329,329,4610,4610,4610,4610,4610,4610,815,816,
1634,1634,1634,1634,1634,1634,1635,706,706,706,706,706,706,1040,706,706,706,708,673,674,674,675,707,706,328,329,329,4612,4612,4612,4612,4612,4612,847,851,
1634,1634,1634,1634,1634,1634,1635,706,706,706,706,706,706,676,706,706,706,708,706,706,706,706,708,706,328,329,329,4612,4612,4612,4612,4612,4612,328,815,
1634,1634,1634,1634,1634,1634,1635,706,706,783,785,706,706,737,710,710,710,739,706,706,706,706,708,706,360,361,361,706,1040,706,706,706,706,328,815,
1634,1634,1634,1634,1634,1635,706,783,784,787,789,785,706,706,706,706,783,784,784,784,785,706,708,706,706,706,706,706,676,706,706,706,706,328,815,
1634,1634,1634,1634,1634,1635,706,815,816,816,816,789,785,706,706,706,815,816,816,816,817,706,737,710,710,710,710,710,739,706,706,706,706,783,787,
1634,1634,1634,1634,1634,1635,706,815,816,816,816,816,817,706,706,783,787,816,816,816,817,706,706,706,706,706,706,706,706,706,706,296,297,815,816,
1634,1634,1634,1634,1634,1635,706,815,816,816,816,816,817,706,706,815,816,816,816,816,817,706,706,706,706,706,706,706,706,706,296,329,329,815,816,
1634,1634,1634,1634,1634,1635,706,815,816,816,816,816,789,784,784,787,816,816,816,816,789,785,706,706,706,706,706,296,297,297,329,783,784,787,816,
1634,1634,1634,1634,1634,1635,783,787,816,816,816,816,816,816,816,816,816,816,816,816,816,789,784,784,784,784,784,784,784,784,784,787,816,816,816

[layer]
type=bg2
data=
0,0,0,0,0,0,0,0,3425,3426,3426,3426,3426,3426,3426,3426,3426,3426,3426,3426,3426,3426,3426,3426,3426,3426,3426,3366,3394,3394,3394,3394,3394,3394,3394,
0,0,0,0,0,0,0,0,0,0,0,0,0,0,0,0,0,0,0,0,0,0,0,0,0,0,0,3425,3426,3426,3426,3426,3426,3366,3394,
0,0,0,0,0,0,0,0,0,0,0,0,0,0,0,0,0,0,0,0,1685,0,0,0,0,0,0,0,0,0,0,0,0,3425,3366,
0,0,0,0,0,0,0,0,0,0,1686,0,0,0,0,0,0,0,0,0,0,0,0,0,0,1686,0,0,0,0,0,0,0,0,3393,
0,0,0,0,0,0,0,0,0,0,0,0,0,0,0,0,0,0,0,0,0,0,0,0,0,0,0,0,0,0,0,0,0,0,3393,
0,0,0,0,0,0,0,0,0,0,0,0,1685,0,0,0,0,0,0,0,0,0,0,0,0,0,0,0,0,0,0,0,1686,0,3393,
0,0,0,0,0,0,0,0,0,0,0,0,0,0,0,0,0,0,0,0,0,0,0,0,0,0,0,0,0,0,0,0,0,0,3393,
0,0,0,0,0,0,0,0,0,0,0,0,0,3911,3848,3848,3848,1052,3913,0,0,0,0,0,0,0,0,0,0,0,0,0,0,0,3425,
0,0,0,0,0,0,0,0,0,0,0,0,0,0,0,1686,0,0,0,0,0,0,0,0,0,3911,3848,1052,3848,3848,3913,0,0,0,3361,
0,0,0,0,0,0,0,0,0,0,0,0,0,0,0,0,0,0,0,0,0,0,0,0,0,0,0,0,0,0,0,0,0,3364,3425,
0,0,0,0,0,0,0,0,0,0,0,1685,0,0,0,0,0,0,0,0,0,0,0,0,0,1685,0,0,0,0,0,0,0,3364,2983,
0,0,0,0,0,0,0,0,0,0,0,0,0,0,0,0,0,761,762,762,762,763,0,0,0,0,0,0,0,0,0,0,0,0,3047,
0,0,0,0,0,0,0,0,0,0,0,0,0,0,0,0,0,793,0,0,0,795,0,0,0,0,0,0,0,0,0,0,0,0,0,
0,0,0,0,0,0,0,0,0,0,0,0,0,0,0,0,0,793,0,983,0,795,0,0,0,0,0,0,0,0,0,0,0,2986,2983,
0,0,0,0,0,0,0,0,0,0,0,0,0,0,0,0,0,793,0,0,0,795,0,0,0,0,0,0,0,0,0,0,0,3364,3047,
0,0,0,0,0,0,0,0,0,0,0,0,0,0,0,0,0,825,826,826,826,827,0,0,0,0,0,0,0,0,0,0,0,3364,3361,
0,0,0,0,0,0,0,0,0,3911,3848,3848,3848,1052,3913,0,0,0,0,0,0,0,0,0,0,0,0,0,0,0,0,0,0,0,3425,
0,0,0,0,0,0,0,0,0,0,0,0,0,0,0,0,0,0,0,0,0,0,0,0,0,0,0,0,0,0,0,0,0,0,3361,
0,0,0,0,0,0,0,0,0,0,0,0,0,0,0,0,0,0,0,1685,0,0,0,0,0,0,0,3911,1052,3848,3848,3848,3913,0,3393,
0,0,0,0,0,0,0,0,0,0,0,0,0,0,0,0,0,0,0,0,0,0,0,0,0,0,0,0,0,0,0,0,1686,0,3393,
0,0,0,0,0,0,1686,0,0,0,0,0,0,0,0,0,0,0,0,0,0,0,0,0,0,0,0,0,0,0,0,0,0,3361,3398,
0,0,0,0,0,0,0,0,0,0,0,0,0,1685,0,0,0,0,0,0,0,0,1686,0,0,0,0,0,0,0,0,0,0,3393,3394,
0,0,0,0,0,0,0,0,0,0,0,0,0,0,0,0,0,0,0,0,0,0,0,0,0,0,0,0,1685,0,0,0,0,3393,3394,
0,0,0,0,0,0,0,0,0,0,0,3361,3362,3362,3362,3363,0,0,0,0,0,0,0,0,0,0,0,0,0,0,0,3361,3362,3398,3394,
0,0,0,0,0,0,3361,3362,3362,3362,3362,3398,3394,3394,3394,3397,3362,3362,3362,3362,3362,3362,3362,3362,3362,3362,3362,3362,3362,3362,3362,3398,3394,3394,3394

[layer]
type=fg1
data=
0,0,0,0,0,0,0,0,0,0,0,0,0,0,0,0,0,0,0,0,0,0,0,0,0,0,0,0,0,0,0,0,0,0,0,
0,0,0,0,0,0,0,0,0,0,0,0,0,0,0,0,0,0,0,0,0,0,0,0,0,0,0,0,0,0,0,0,0,0,0,
0,0,0,0,0,0,0,0,0,0,0,0,0,0,0,0,0,0,0,0,0,0,0,0,0,0,0,0,0,0,0,0,0,0,0,
3363,0,0,0,0,0,0,0,0,0,0,0,0,0,0,0,0,0,0,0,0,0,0,0,0,0,0,0,0,0,0,0,0,0,0,
3395,0,0,0,0,0,0,0,0,0,0,0,0,0,0,0,0,0,0,0,0,0,0,0,0,0,0,0,0,0,0,0,0,0,0,
3395,0,0,0,0,0,0,0,0,0,0,0,0,0,0,0,0,0,0,0,0,0,0,0,0,0,0,0,0,0,0,0,0,0,0,
3395,0,0,0,0,0,0,0,0,0,0,0,0,0,0,0,0,0,0,0,0,0,0,0,0,0,0,0,0,0,0,0,0,0,0,
3395,0,0,0,0,0,0,0,0,0,0,0,0,0,0,0,0,1046,0,0,0,0,0,0,0,0,0,0,0,0,0,0,0,0,0,
3395,0,0,0,0,0,0,0,0,0,0,0,0,0,0,0,0,0,0,0,0,0,0,0,0,0,507,1046,0,0,0,0,0,0,0,
3395,0,0,0,0,0,0,0,0,0,0,0,0,0,0,0,0,0,0,0,0,0,0,0,0,0,0,0,0,0,0,0,0,0,0,
3395,0,0,0,0,0,0,0,0,0,0,0,0,0,0,0,0,0,0,0,0,0,0,0,0,0,0,0,0,0,0,0,0,0,0,
3427,0,0,0,0,0,0,0,0,0,0,0,0,0,0,0,0,0,0,0,0,0,0,0,0,0,0,0,0,0,0,0,0,0,0,
0,0,0,0,0,0,0,0,0,0,0,0,0,0,0,0,0,0,0,0,0,0,0,0,0,0,0,0,0,0,0,0,0,0,0,
0,0,0,0,0,0,0,0,0,0,0,0,0,0,0,0,0,0,0,0,0,0,0,0,0,0,0,0,0,0,0,0,0,0,0,
0,0,0,0,0,0,0,0,0,0,0,0,0,0,0,0,0,0,0,0,0,0,0,0,0,0,0,0,0,0,0,0,0,0,0,
0,0,0,0,0,0,0,0,0,0,0,0,0,0,0,0,0,0,0,0,0,0,0,0,0,0,0,0,0,0,0,0,0,0,0,
0,0,0,0,0,0,0,0,0,0,0,0,0,1046,0,0,0,0,0,0,0,0,0,0,0,0,0,0,0,0,0,0,0,0,0,
0,0,0,0,0,0,0,0,0,0,0,0,0,0,0,0,0,0,0,0,0,0,0,0,0,0,0,0,0,0,0,0,0,0,0,
0,0,0,0,0,0,0,0,0,0,0,0,0,0,0,0,0,0,0,0,0,0,0,0,0,0,0,0,1046,0,0,0,0,0,0,
0,0,0,0,0,0,0,0,0,0,0,0,0,0,0,0,0,0,0,0,0,0,0,0,0,0,0,0,0,0,0,0,0,0,0,
0,0,0,0,0,0,0,0,0,0,0,0,0,0,0,0,0,0,0,0,0,0,0,0,0,0,0,0,0,0,0,0,0,0,0,
0,0,0,0,0,0,0,0,0,0,0,0,0,0,0,0,0,0,0,0,0,0,0,0,0,0,0,0,0,0,0,0,0,0,0,
0,0,0,0,0,0,0,0,0,0,0,0,0,0,0,0,0,0,0,0,0,0,0,0,0,0,0,0,0,0,0,0,0,0,0,
0,0,0,0,0,0,0,0,0,0,0,0,0,0,0,0,0,0,0,0,0,0,0,0,0,0,0,0,0,0,0,0,0,0,0,
0,0,0,0,0,0,0,0,0,0,0,0,0,0,0,0,0,0,0,0,0,0,0,0,0,0,0,0,0,0,0,0,0,0,0

[layer]
type=fg2
data=
0,0,0,0,0,0,0,0,0,0,0,0,0,0,0,0,0,0,0,0,0,0,0,0,0,0,0,0,0,0,0,0,0,0,0,
0,0,0,0,0,0,0,0,0,0,0,0,0,0,0,0,0,0,0,0,0,0,0,0,0,0,0,0,0,0,0,0,0,0,0,
0,0,0,0,0,0,0,0,0,0,0,0,0,0,0,0,0,0,0,0,0,0,0,0,0,0,0,0,0,0,0,0,0,0,0,
0,0,0,0,0,0,0,0,0,0,0,0,0,0,0,0,0,0,0,0,0,0,0,0,0,0,0,0,0,0,0,0,0,0,0,
0,0,0,0,0,0,0,0,0,0,0,0,0,0,0,0,0,0,0,0,0,0,0,0,0,0,0,0,0,0,0,0,0,0,0,
0,0,0,0,0,0,0,0,0,0,0,0,0,0,0,0,0,0,0,0,0,0,0,0,0,0,0,0,0,0,0,0,0,0,0,
0,0,0,0,0,0,0,0,0,0,0,0,0,0,0,0,0,0,0,0,0,0,0,0,0,0,0,0,0,0,0,0,0,0,0,
0,0,0,0,0,0,0,0,0,0,0,0,0,0,0,0,0,0,0,0,0,0,0,0,0,0,0,0,0,0,0,0,0,0,0,
0,0,0,0,0,0,0,0,0,0,0,0,0,0,0,0,0,0,0,0,0,0,0,0,0,0,0,0,0,0,0,0,0,0,0,
0,0,0,0,0,0,0,0,0,0,0,0,0,0,0,0,0,0,0,0,0,0,0,0,0,0,0,0,0,0,0,0,0,0,0,
0,0,0,0,0,0,0,0,0,0,0,0,0,0,0,0,0,0,0,0,0,0,0,0,0,0,0,0,0,0,0,0,0,0,0,
0,0,0,0,0,0,0,0,0,0,0,0,0,0,0,0,0,0,0,0,0,0,0,0,0,0,0,0,0,0,0,0,0,0,0,
0,0,0,0,0,0,0,0,0,0,0,0,0,0,0,0,0,0,0,0,0,0,0,0,0,0,0,0,0,0,0,0,0,0,0,
0,0,0,0,0,0,0,0,0,0,0,0,0,0,0,0,0,0,0,0,0,0,0,0,0,0,0,0,0,0,0,0,0,0,0,
0,0,0,0,0,0,0,0,0,0,0,0,0,0,0,0,0,0,0,0,0,0,0,0,0,0,0,0,0,0,0,0,0,0,0,
0,0,0,0,0,0,0,0,0,0,0,0,0,0,0,0,0,0,0,0,0,0,0,0,0,0,0,0,0,0,0,0,0,0,0,
0,0,0,0,0,0,0,0,0,0,0,0,0,0,0,0,0,0,0,0,0,0,0,0,0,0,0,0,0,0,0,0,0,0,0,
0,0,0,0,0,0,0,0,0,0,0,0,0,0,0,0,0,0,0,0,0,0,0,0,0,0,0,0,0,0,0,0,0,0,0,
0,0,0,0,0,0,0,0,0,0,0,0,0,0,0,0,0,0,0,0,0,0,0,0,0,0,0,0,0,0,0,0,0,0,0,
0,0,0,0,0,0,0,0,0,0,0,0,0,0,0,0,0,0,0,0,0,0,0,0,0,0,0,0,0,0,0,0,0,0,0,
0,0,0,0,0,0,0,0,0,0,0,0,0,0,0,0,0,0,0,0,0,0,0,0,0,0,0,0,0,0,0,0,0,0,0,
0,0,0,0,0,0,0,0,0,0,0,0,0,0,0,0,0,0,0,0,0,0,0,0,0,0,0,0,0,0,0,0,0,0,0,
0,0,0,0,0,0,0,0,0,0,0,0,0,0,0,0,0,0,0,0,0,0,0,0,0,0,0,0,0,0,0,0,0,0,0,
0,0,0,0,0,0,0,0,0,0,0,0,0,0,0,0,0,0,0,0,0,0,0,0,0,0,0,0,0,0,0,0,0,0,0,
0,0,0,0,0,0,0,0,0,0,0,0,0,0,0,0,0,0,0,0,0,0,0,0,0,0,0,0,0,0,0,0,0,0,0

