[header]
width=30
height=20
tilewidth=16
tileheight=16
orientation=orthogonal

[tilesets]
tileset=../textures/tileset.png,16,16,0,0

[layer]
type=physics
data=
1102,1102,1102,1102,1102,1102,1102,1102,1102,1102,1102,1102,1102,1102,1102,1102,1103,1103,1103,1103,1103,1103,1103,1103,1102,1102,1102,1102,1102,1102,
1102,1102,1102,1102,1102,1102,1102,1102,1102,1102,1102,1102,1102,1102,1102,1102,1103,1103,1103,1103,1103,1103,1103,1103,1102,1102,1102,1102,1102,1102,
1102,1102,1102,1102,1102,1102,1102,1102,1102,1102,1102,1102,1102,1103,1103,1103,1103,1103,1103,1103,1103,1103,1103,1103,1102,1102,1102,1102,1102,1102,
1102,1102,1102,1102,1102,1102,1102,1103,1103,1103,1103,1103,1103,1103,1103,1103,1103,1103,1103,1103,1103,1103,1103,1103,1102,1102,1102,1102,1102,1102,
1102,1102,1102,1102,1102,1102,1103,1103,1103,1103,1103,1103,1103,1103,1103,1103,1103,1103,1103,1103,1103,1103,1103,1103,1102,1102,1102,1102,1102,1102,
1102,1102,1102,1102,1102,1103,1103,1103,1103,1103,1103,1103,1103,1103,1103,1103,1103,1103,1103,1103,1103,1103,1103,1103,1102,1102,1102,1102,1102,1102,
1102,1102,1102,1103,1103,1103,1103,1103,1103,1103,1103,1103,1103,1103,1103,1103,1103,1103,1103,1103,1103,1103,1103,1102,1102,1102,1102,1102,1102,1102,
1102,1102,1102,1103,1103,1103,1103,1103,1103,1103,1103,1103,1103,1103,1103,1103,1103,1103,1103,1103,1103,1103,1103,1102,1102,1102,1102,1102,1102,1102,
1102,1102,1102,1103,1103,1103,1103,1103,1103,1103,1103,1103,1102,1102,1103,1103,1103,1103,1103,1103,1103,1103,1103,1102,1102,1102,1102,1102,1102,1102,
1102,1102,1102,1103,1103,1103,1103,1103,1103,1103,1102,1102,1102,1102,1103,1103,1103,1103,1103,1103,1103,1103,1102,1102,1102,1102,1102,1102,1102,1102,
1102,1102,1102,1103,1103,1103,1103,1103,1103,1103,1102,1102,1102,1102,1103,1103,1103,1103,1103,1103,1103,1103,1102,1102,1102,1102,1102,1102,1102,1102,
1103,1103,1102,1103,1103,1103,1103,1103,1103,1103,1103,1102,1102,1102,1103,1103,1103,1103,1103,1103,1103,1103,1103,1103,1103,1103,1103,1103,1103,1102,
1102,1103,1103,1103,1103,1103,1103,1103,1103,1103,1103,1103,1103,1103,1103,1103,1103,1103,1103,1103,1103,1103,1103,1103,1103,1103,1103,1103,1103,1102,
1102,1102,1102,1103,1103,1103,1103,1103,1103,1103,1103,1103,1103,1103,1103,1103,1103,1103,1103,1103,1103,1103,1103,1103,1103,1103,1103,1103,1103,1102,
1102,1102,1102,1103,1103,1103,1103,1103,1103,1103,1103,1103,1103,1103,1103,1103,1103,1103,1103,1103,1103,1103,1103,1103,1103,1103,1103,1103,1103,1102,
1102,1102,1102,1102,1103,1103,1103,1103,1103,1103,1103,1103,1103,1103,1103,1103,1103,1103,1103,1103,1103,1103,1103,1103,1103,1103,1103,1103,1103,1102,
1102,1102,1102,1102,1103,1103,1103,1103,1103,1103,1103,1103,1103,1103,1103,1102,1102,1102,1102,1103,1103,1103,1103,1103,1103,1103,1103,1103,1103,1102,
1102,1102,1102,1102,1103,1103,1103,1103,1103,1103,1103,1103,1103,1103,1103,1102,1102,1102,1102,1102,1102,1103,1103,1103,1103,1103,1103,1103,1103,1102,
1102,1102,1102,1102,1103,1103,1103,1103,1103,1103,1103,1103,1103,1103,1102,1102,1102,1102,1102,1102,1102,1102,1102,1103,1103,1103,1103,1103,1103,1102,
1102,1102,1102,1102,1102,1103,1103,1103,1103,1103,1103,1103,1103,1103,1102,1102,1102,1102,1102,1102,1102,1102,1102,1102,1102,1102,1102,1102,1102,1102

[layer]
type=bg1
data=
418,418,418,418,418,418,418,418,418,418,418,418,418,418,418,418,417,40,41,41,41,41,42,419,418,418,418,418,418,418,
418,418,418,418,418,418,418,418,418,418,418,418,418,418,418,418,417,40,41,41,41,41,42,419,418,418,418,418,418,418,
418,418,418,418,418,418,418,418,418,418,418,418,418,385,386,386,418,40,41,41,41,41,42,419,418,418,418,418,418,418,
418,418,418,418,418,418,418,385,386,386,386,386,386,418,8,9,9,41,41,41,41,41,42,419,418,418,418,418,418,418,
418,418,418,418,418,418,385,418,8,9,9,9,9,9,41,41,41,41,41,41,41,41,74,419,418,418,418,418,418,418,
399,400,401,418,418,385,418,8,41,41,41,41,41,41,41,41,41,41,41,41,41,42,418,451,418,418,418,418,418,418,
431,432,433,385,386,418,8,41,41,41,41,41,41,41,41,41,41,41,41,41,41,42,419,418,418,418,418,418,418,418,
463,464,465,417,8,9,41,41,41,41,41,41,73,73,41,41,41,41,41,41,41,42,419,418,4618,4618,4618,4618,4618,418,
418,418,418,417,40,41,41,41,41,41,73,74,418,418,40,41,41,41,41,41,73,74,451,418,4616,4616,4616,4616,4616,418,
418,418,418,417,40,41,41,41,41,42,418,418,418,418,40,41,41,41,41,42,418,451,418,418,4618,4618,4618,4618,4618,418,
400,401,418,417,40,41,41,41,41,42,418,418,418,418,40,41,41,41,41,42,418,387,418,418,418,3752,3752,1039,418,418,
432,405,401,417,40,41,41,41,41,42,13,418,418,418,40,41,41,41,41,41,10,418,386,386,386,386,386,386,387,418,
432,432,433,417,40,41,41,41,41,41,9,9,9,9,41,41,41,41,41,41,41,9,9,9,9,9,9,10,419,418,
432,432,433,417,72,41,41,41,41,41,41,41,41,41,41,41,73,73,41,41,41,41,41,41,41,41,41,42,419,418,
464,464,465,449,418,40,41,41,41,41,41,41,41,41,73,74,418,418,72,73,41,41,41,41,41,41,41,42,419,418,
418,399,400,401,417,40,41,41,41,41,41,41,41,42,418,450,451,449,450,418,72,73,41,41,41,41,41,42,419,418,
418,431,432,433,417,40,41,41,41,41,41,41,41,74,419,418,418,418,418,449,450,418,72,73,41,41,41,42,419,418,
418,463,464,465,417,72,41,41,41,41,41,41,42,418,451,418,418,418,418,418,418,449,450,418,72,73,73,74,419,418,
418,418,418,418,449,418,40,41,41,41,41,41,42,419,418,418,418,418,418,418,418,418,418,449,450,450,450,450,451,418,
418,418,418,418,418,417,40,41,41,41,41,41,42,419,418,418,418,418,418,418,418,418,418,418,418,418,418,418,418,418

[layer]
type=bg2
data=
2824,2824,2824,2824,2824,2824,2824,2824,2824,2824,2824,2824,2824,2824,2824,2825,0,0,0,0,0,0,0,0,2794,2824,2824,2824,2824,2824,
2824,2824,2824,2824,2824,2824,2824,2824,2824,2824,2824,2824,2795,2856,2856,2857,0,0,0,0,0,0,0,0,2823,2824,2824,2824,2824,2824,
2824,2824,2824,2824,2824,2824,2824,2856,2856,2856,2856,2856,2857,0,0,0,0,0,0,0,0,0,0,0,2823,2824,2824,2824,2824,2824,
2824,2824,2824,2824,2824,2824,2857,0,0,0,0,0,0,0,0,0,0,0,0,0,0,0,0,0,2823,2824,2824,2824,2824,2824,
2824,2824,2824,2824,2824,2857,0,0,0,0,0,0,0,0,0,0,0,0,0,0,0,0,0,0,2823,2824,2824,2824,2824,2824,
2824,2824,2795,2856,2857,0,0,0,0,0,0,0,0,0,0,0,0,0,0,0,0,0,0,0,2823,2824,2824,2824,2824,2824,
2824,2824,2825,0,0,0,0,0,0,0,0,0,0,0,0,0,0,0,0,0,0,0,0,2791,2828,2824,2824,2824,2824,2824,
2856,2796,2825,0,0,0,0,0,0,0,0,0,0,0,0,0,0,0,0,0,0,0,0,2823,0,0,0,0,0,2824,
2985,2823,2825,0,0,0,0,0,0,0,0,0,2805,2807,0,0,0,0,0,0,0,0,0,2823,0,0,0,0,0,2824,
3017,2823,2825,0,0,0,0,0,0,0,2805,2806,2838,2839,0,0,0,0,0,0,0,0,2791,2828,0,0,0,0,0,2824,
3049,2855,2857,0,0,0,0,0,0,0,2869,2838,2838,2839,0,0,0,0,0,0,0,0,2855,2856,3815,0,0,1052,3817,2796,
0,0,2986,0,0,0,0,0,0,0,0,2869,2870,2871,0,0,0,0,0,0,0,0,0,0,0,0,0,0,0,2823,
2985,0,0,0,0,0,0,0,0,0,0,0,0,0,0,0,0,0,0,0,0,0,0,0,0,0,0,0,0,2823,
3019,2985,2794,0,0,0,0,0,0,0,0,0,0,0,0,0,0,0,0,0,0,0,0,0,0,0,0,0,0,2855,
3016,3017,2794,0,0,0,0,0,0,0,0,0,0,0,0,0,0,0,0,0,0,0,0,0,0,0,0,0,0,2893,
3048,3049,2791,2793,0,0,0,0,0,0,0,0,0,0,0,0,0,0,0,0,0,0,0,0,0,0,0,0,0,2957,
2792,2792,2828,2825,0,0,0,0,0,0,0,0,0,0,0,2791,2792,2792,2793,0,0,0,0,0,0,0,0,0,0,2791,
2824,2824,2824,2825,0,0,0,0,0,0,0,0,0,0,0,2823,2824,2824,2827,2792,2793,0,0,0,0,0,0,0,0,2823,
2824,2824,2824,2825,0,0,0,0,0,0,0,0,0,0,2791,2828,2824,2824,2824,2824,2827,2792,2793,0,0,0,0,0,0,2823,
2824,2824,2824,2827,2793,0,0,0,0,0,0,0,0,0,2823,2824,2824,2824,2824,2824,2824,2824,2827,2792,2792,2792,2792,2792,2792,2828

[layer]
type=fg1
data=
0,0,0,0,0,0,0,0,0,0,0,0,0,0,0,0,0,0,0,0,0,0,0,0,0,0,0,0,0,0,
0,0,0,0,0,0,0,0,0,0,0,0,0,0,0,0,0,0,0,0,0,0,0,0,0,0,0,0,0,0,
0,0,0,0,0,0,0,0,0,0,0,0,0,0,0,0,0,0,0,0,0,0,0,0,0,0,0,0,0,0,
0,0,0,0,0,0,0,0,0,0,0,0,0,0,0,0,0,0,0,0,0,0,0,0,0,0,0,0,0,0,
0,0,0,0,0,0,0,0,0,0,0,0,0,0,0,0,0,0,0,0,0,0,0,0,0,0,0,0,0,0,
0,0,0,0,0,0,0,0,0,0,0,0,0,0,0,0,0,0,0,0,0,0,0,0,0,0,0,0,0,0,
0,0,0,0,0,0,0,0,0,0,0,0,0,0,0,0,0,0,0,0,0,0,0,0,0,0,0,0,0,0,
0,0,0,0,0,0,0,0,0,0,0,0,0,0,0,0,0,0,0,0,0,0,0,0,0,0,0,0,0,0,
0,0,0,0,0,0,0,0,0,0,0,0,0,0,0,0,0,0,0,0,0,0,0,0,0,0,0,0,0,0,
0,0,0,0,0,0,0,0,0,0,0,0,0,0,0,0,0,0,0,0,0,0,0,0,0,0,0,0,0,0,
0,0,0,0,0,0,0,0,0,0,0,0,0,0,0,0,0,0,0,0,0,0,0,0,0,0,0,1048,0,0,
0,0,0,0,0,0,0,0,0,0,0,0,0,0,0,0,0,0,0,0,0,0,0,0,0,0,0,0,0,0,
0,0,0,0,0,0,0,0,0,0,0,0,0,0,0,0,0,0,0,0,0,0,0,0,0,0,0,0,0,0,
0,0,0,0,0,0,0,0,0,0,0,0,0,0,0,0,0,0,0,0,0,0,0,0,0,0,0,0,0,0,
0,0,0,0,0,0,0,0,0,0,0,0,0,0,0,0,0,0,0,0,0,0,0,0,0,0,0,0,0,0,
0,0,0,0,0,0,0,0,0,0,0,0,0,0,0,0,0,0,0,0,0,0,0,0,0,0,0,0,0,0,
0,0,0,0,0,0,0,0,0,0,0,0,0,0,0,0,0,0,0,0,0,0,0,0,0,0,0,0,0,0,
0,0,0,0,0,0,0,0,0,0,0,0,0,0,0,0,0,0,0,0,0,0,0,0,0,0,0,0,0,0,
0,0,0,0,0,0,0,0,0,0,0,0,0,0,0,0,0,0,0,0,0,0,0,0,0,0,0,0,0,0,
0,0,0,0,0,0,0,0,0,0,0,0,0,0,0,0,0,0,0,0,0,0,0,0,0,0,0,0,0,0

[layer]
type=fg2
data=
0,0,0,0,0,0,0,0,0,0,0,0,0,0,0,0,0,0,0,0,0,0,0,0,0,0,0,0,0,0,
0,0,0,0,0,0,0,0,0,0,0,0,0,0,0,0,0,0,0,0,0,0,0,0,0,0,0,0,0,0,
0,0,0,0,0,0,0,0,0,0,0,0,0,0,0,0,0,0,0,0,0,0,0,0,0,0,0,0,0,0,
0,0,0,0,0,0,0,0,0,0,0,0,0,0,0,0,0,0,0,0,0,0,0,0,0,0,0,0,0,0,
0,0,0,0,0,0,0,0,0,0,0,0,0,0,0,0,0,0,0,0,0,0,0,0,0,0,0,0,0,0,
0,0,0,0,0,0,0,0,0,0,0,0,0,0,0,0,0,0,0,0,0,0,0,0,0,0,0,0,0,0,
0,0,0,0,0,0,0,0,0,0,0,0,0,0,0,0,0,0,0,0,0,0,0,0,0,0,0,0,0,0,
0,0,0,0,0,0,0,0,0,0,0,0,0,0,0,0,0,0,0,0,0,0,0,0,0,0,0,0,0,0,
0,0,0,0,0,0,0,0,0,0,0,0,0,0,0,0,0,0,0,0,0,0,0,0,0,0,0,0,0,0,
0,0,0,0,0,0,0,0,0,0,0,0,0,0,0,0,0,0,0,0,0,0,0,0,0,0,0,0,0,0,
0,0,0,0,0,0,0,0,0,0,0,0,0,0,0,0,0,0,0,0,0,0,0,0,0,0,0,0,0,0,
0,0,0,0,0,0,0,0,0,0,0,0,0,0,0,0,0,0,0,0,0,0,0,0,0,0,0,0,0,0,
0,0,0,0,0,0,0,0,0,0,0,0,0,0,0,0,0,0,0,0,0,0,0,0,0,0,0,0,0,0,
0,0,0,0,0,0,0,0,0,0,0,0,0,0,0,0,0,0,0,0,0,0,0,0,0,0,0,0,0,0,
0,0,0,0,0,0,0,0,0,0,0,0,0,0,0,0,0,0,0,0,0,0,0,0,0,0,0,0,0,0,
0,0,0,0,0,0,0,0,0,0,0,0,0,0,0,0,0,0,0,0,0,0,0,0,0,0,0,0,0,0,
0,0,0,0,0,0,0,0,0,0,0,0,0,0,0,0,0,0,0,0,0,0,0,0,0,0,0,0,0,0,
0,0,0,0,0,0,0,0,0,0,0,0,0,0,0,0,0,0,0,0,0,0,0,0,0,0,0,0,0,0,
0,0,0,0,0,0,0,0,0,0,0,0,0,0,0,0,0,0,0,0,0,0,0,0,0,0,0,0,0,0,
0,0,0,0,0,0,0,0,0,0,0,0,0,0,0,0,0,0,0,0,0,0,0,0,0,0,0,0,0,0

